1.000000000000000000e+00 5.141518467852257412e-01 4.467875056999544570e-01 5.453123575011400437e-01 5.025341997264022309e-01 4.126550387596899516e-01 3.597001823985408464e-01 3.831155950752395123e-01 3.958139534883721722e-01 2.953077975376197095e-01 3.993262653898769221e-01 4.374213406292750128e-01 4.587653898768810357e-01 3.915811673506612300e-01 4.336388508891929616e-01 4.327382580939352352e-01 3.943730050159599543e-01 4.492191062471501128e-01 4.377815777473780812e-01 4.038292293661651100e-01 3.686160510715914551e-01 4.196796625626995625e-01 4.334587323301413719e-01 3.900501595987232450e-01 5.165834473324213416e-01 4.013976288189694541e-01 3.634826721386229531e-01 3.885191518467852601e-01 4.077017783857729838e-01 4.050000000000000266e-01 4.100433196534428171e-01 4.666906064751482619e-01 4.366108071135431090e-01 4.203100775193798211e-01 3.657341541267670193e-01 3.966244870041040205e-01 4.497594619243046599e-01 4.414740082079343653e-01 4.715538075695394626e-01
5.141518467852257412e-01 1.000000000000000000e+00 4.384119927040584508e-01 4.114842681258550350e-01 2.775661194710442592e-01 4.310271317829458271e-01 3.774418604651162967e-01 4.031087551299590288e-01 4.079719562243502851e-01 4.312072503419973057e-01 4.162574099407205241e-01 3.971648426812585675e-01 4.766871865025080757e-01 3.186331509347926083e-01 3.505141358869128809e-01 3.892396260829913968e-01 3.844664842681259076e-01 4.269744642042864191e-01 3.692464660282718247e-01 3.765412676698586814e-01 3.675353397172823056e-01 3.729388964888281088e-01 4.019379844961240567e-01 3.810442316461468693e-01 4.167077063383493596e-01 3.299806201550388174e-01 3.112482900136799291e-01 3.786126310989512134e-01 3.752804377564979421e-01 3.919414044687642984e-01 3.802336981304150765e-01 3.837460100319198264e-01 3.215150478796170441e-01 3.168319653442772665e-01 4.136456908344733341e-01 3.566381668946648764e-01 3.918513451892384758e-01 4.158971728226174558e-01 4.202200182398541650e-01
4.467875056999544570e-01 4.384119927040584508e-01 1.000000000000000000e+00 4.205802553579571779e-01 3.288098495212038452e-01 4.393125854993160662e-01 3.152108983128135145e-01 4.433652530779754186e-01 4.252633378932969554e-01 3.606007751937984618e-01 4.180585955312358104e-01 4.689420884632923281e-01 4.638087095303237706e-01 3.577188782489740260e-01 3.654639762881897180e-01 4.140959872321021695e-01 4.906463748290014193e-01 4.627279981760146210e-01 4.330984952120383591e-01 3.686160510715914551e-01 4.276949384404925003e-01 3.684359325125399764e-01 3.861776105791154268e-01 4.453465572275422391e-01 4.596659826721386510e-01 3.489831281349749514e-01 3.153009575923392815e-01 3.655540355677155406e-01 3.978853169174647042e-01 4.329183766529867694e-01 4.323780209758322224e-01 4.264341085271318721e-01 4.461570907432740873e-01 4.739854081167350630e-01 3.945531235750114329e-01 3.913109895120839288e-01 4.579548563611491319e-01 4.457067943456452519e-01 3.859974920200639481e-01
5.453123575011400437e-01 4.114842681258550350e-01 4.205802553579571779e-01 1.000000000000000000e+00 4.905563155494755967e-01 3.965344277245781979e-01 3.241267669858641787e-01 3.243969448244414244e-01 4.029286365709074946e-01 5.272104423164615250e-01 4.117544459644323362e-01 5.040652074783402714e-01 4.303967168262654019e-01 3.733891928864569443e-01 4.395827633378933674e-01 4.228317373461012996e-01 3.870782033743730421e-01 4.456167350661195403e-01 3.605107159142726947e-01 3.919414044687642984e-01 3.821249430004560743e-01 3.406076151390789453e-01 4.086023711810305992e-01 4.102234382124943513e-01 4.844322845417237677e-01 4.095029639762882145e-01 3.610510715914272972e-01 4.243627450980392291e-01 4.052701778385773279e-01 4.429149566803466387e-01 4.210305517555859578e-01 4.850626994984040263e-01 5.624236206110351244e-01 4.045497036023711912e-01 3.695166438668491260e-01 4.655198358413132897e-01 4.089626082991336675e-01 4.598461012311901297e-01 5.162232102143182733e-01
5.025341997264022309e-01 2.775661194710442592e-01 3.288098495212038452e-01 4.905563155494755967e-01 1.000000000000000000e+00 3.250273597811217940e-01 2.236206110351117715e-01 3.911308709530324501e-01 3.731190150478796430e-01 5.151424988600091792e-01 2.321762425900593396e-01 4.233720930232558466e-01 3.923016415868673112e-01 2.807181942544459963e-01 4.493091655266758244e-01 3.741997264021888481e-01 3.132295941632466940e-01 3.688862289101687564e-01 2.235305517555860044e-01 2.336171910624715575e-01 3.053944368445052904e-01 4.144562243502052934e-01 3.218752849977200015e-01 2.958481532147743120e-01 5.274806201550388263e-01 3.973449612403101017e-01 2.101117191062472078e-01 3.325923392612859519e-01 3.478123575011400348e-01 3.624920200638395151e-01 3.734792521659827114e-01 3.966244870041040205e-01 3.630323757409941177e-01 5.238782489740082537e-01 3.113383492932056962e-01 3.544767441860465773e-01 2.979195166438668441e-01 3.714078887368900683e-01 4.416541267669858994e-01
4.126550387596899516e-01 4.310271317829458271e-01 4.393125854993160662e-01 3.965344277245781979e-01 3.250273597811217940e-01 1.000000000000000000e+00 2.919756041951664938e-01 3.546568627450981115e-01 3.818547651618787175e-01 4.585852713178294460e-01 4.327382580939352352e-01 4.691222070223439178e-01 4.565139078887369140e-01 4.076117191062471612e-01 4.004069767441860717e-01 5.029844961240309553e-01 4.802895576835385927e-01 5.399988600091198965e-01 4.013976288189694541e-01 4.301265389876881007e-01 4.169778841769266053e-01 3.859974920200639481e-01 4.610168718650251019e-01 3.478123575011400348e-01 3.875284997720018776e-01 2.784667122663019301e-01 3.222355221158231253e-01 4.021181030551755908e-01 4.077017783857729838e-01 4.594858641130871724e-01 4.167977656178751267e-01 4.131053351573187871e-01 4.193194254445964386e-01 3.723985408116735063e-01 4.393125854993160662e-01 4.793889648882809218e-01 4.099532603739171055e-01 4.270645234838121862e-01 4.216609667122662719e-01
3.597001823985408464e-01 3.774418604651162967e-01 3.152108983128135145e-01 3.241267669858641787e-01 2.236206110351117715e-01 2.919756041951664938e-01 1.000000000000000000e+00 1.909290925672594841e-01 1.968730050159599176e-01 3.149407204742362687e-01 3.270987232102143816e-01 3.550170998632011243e-01 3.587995896032831755e-01 4.404240766073872632e-02 2.724327405380757572e-01 4.218410852713178616e-01 3.301607387140902961e-01 3.601504787961696818e-01 2.730631554947560713e-01 2.572127222982216188e-01 2.084005927952576886e-01 1.705756953944368992e-01 1.715663474692202817e-01 2.464956680346557516e-01 3.379058367533059881e-01 2.596443228454172747e-01 1.000000000000000021e-02 2.618958048335613964e-01 2.294744642042863825e-01 2.671192430460557210e-01 2.517191062471500484e-01 1.964227086183310822e-01 4.125649794801642400e-01 3.410579115367077252e-01 1.477006383948928636e-01 3.337631098951208686e-01 3.215150478796170441e-01 2.937767897856817800e-01 3.038634290925673054e-01
3.831155950752395123e-01 4.031087551299590288e-01 4.433652530779754186e-01 3.243969448244414244e-01 3.911308709530324501e-01 3.546568627450981115e-01 1.909290925672594841e-01 1.000000000000000000e+00 3.363748290013680031e-01 4.199498404012768638e-01 4.174281805745553853e-01 4.406634746922025170e-01 4.370611035111719445e-01 1.490515275877793144e-01 3.367350661194710715e-01 4.297663018695851433e-01 3.902302781577748347e-01 4.766871865025080757e-01 1.908390332877337170e-01 4.247229822161422974e-01 4.202200182398541650e-01 3.535761513907889619e-01 3.754605563155494763e-01 3.091769265845873416e-01 4.113041495668035008e-01 3.646534427724578697e-01 2.763953488372093426e-01 3.379058367533059881e-01 3.720383036935705490e-01 6.160088919288646547e-01 4.232820337437301350e-01 3.014318285453716495e-01 5.376573187414500632e-01 4.414740082079343653e-01 3.776219790241677754e-01 4.427348381212951045e-01 4.186890104879161800e-01 4.175182398540812079e-01 4.089626082991336675e-01
3.958139534883721722e-01 4.079719562243502851e-01 4.252633378932969554e-01 4.029286365709074946e-01 3.731190150478796430e-01 3.818547651618787175e-01 1.968730050159599176e-01 3.363748290013680031e-01 1.000000000000000000e+00 5.095588235294118418e-01 3.181828545371637174e-01 3.594300045599635451e-01 3.480825353397173361e-01 2.386605107159143202e-01 2.510886912904697343e-01 3.670850433196534701e-01 4.452564979480164720e-01 3.951835385316917471e-01 3.014318285453716495e-01 2.680198358413133364e-01 2.434336525307798371e-01 2.614455084359325054e-01 2.292042863657091090e-01 2.046181030551756097e-01 3.423187414500684089e-01 1.891279069767442256e-01 2.292943456452348483e-01 2.747742818057455905e-01 2.785567715458276417e-01 3.155711354309165828e-01 3.298905608755130503e-01 3.569083447332421777e-01 4.098632010943912829e-01 3.599703602371181477e-01 2.750444596443228917e-01 3.607808937528499960e-01 3.364648882808937702e-01 3.015218878248974166e-01 3.323221614227086507e-01
2.953077975376197095e-01 4.312072503419973057e-01 3.606007751937984618e-01 5.272104423164615250e-01 5.151424988600091792e-01 4.585852713178294460e-01 3.149407204742362687e-01 4.199498404012768638e-01 5.095588235294118418e-01 1.000000000000000000e+00 2.609952120383037255e-01 4.430950752393981174e-01 4.290458276333790066e-01 4.803796169630644153e-01 3.479024167806658019e-01 4.654297765617875227e-01 4.000467396260830033e-01 4.357102143182854936e-01 3.771716826265389955e-01 2.423529411764706043e-01 3.828454172366621555e-01 4.821808025535796460e-01 4.005870953032376613e-01 4.495793433652531257e-01 3.325923392612859519e-01 5.510761513907889153e-01 3.014318285453716495e-01 3.963543091655266637e-01 4.095029639762882145e-01 3.712277701778385897e-01 3.293502051983584478e-01 8.000000000000000444e-01 5.166735066119472197e-01 4.250832193342453658e-01 3.402473780209758769e-01 4.092327861377109133e-01 3.891495668034656297e-01 4.305768353853169361e-01 5.952952576379388905e-01
3.993262653898769221e-01 4.162574099407205241e-01 4.180585955312358104e-01 4.117544459644323362e-01 2.321762425900593396e-01 4.327382580939352352e-01 3.270987232102143816e-01 4.174281805745553853e-01 3.181828545371637174e-01 2.609952120383037255e-01 1.000000000000000000e+00 4.494892840857274141e-01 4.353499772001824808e-01 3.076459188326493566e-01 3.511445508435933061e-01 4.232820337437301350e-01 4.376915184678523141e-01 4.737152302781577617e-01 3.894197446420428754e-01 3.855471956224350571e-01 3.711377108983129336e-01 3.567282261741906435e-01 3.784325125398997347e-01 3.228659370725034394e-01 4.328283173734610578e-01 5.025341997264022309e-01 3.216951664386685228e-01 4.111240310077520221e-01 3.660043319653443206e-01 4.085123119015048321e-01 3.886992704058367942e-01 3.498837209302325668e-01 4.365207478340173974e-01 4.037391700866393429e-01 3.872583219334245208e-01 4.170679434564524279e-01 4.063508891928864220e-01 4.068011855905153684e-01 4.251732786137711329e-01
4.374213406292750128e-01 3.971648426812585675e-01 4.689420884632923281e-01 5.040652074783402714e-01 4.233720930232558466e-01 4.691222070223439178e-01 3.550170998632011243e-01 4.406634746922025170e-01 3.594300045599635451e-01 4.430950752393981174e-01 4.494892840857274141e-01 1.000000000000000000e+00 4.172480620155039066e-01 3.377257181942545095e-01 3.459211126310989814e-01 4.479582763337893736e-01 4.408435932512541067e-01 4.565139078887369140e-01 4.042795257637938899e-01 3.729388964888281088e-01 4.462471500227999099e-01 3.394368445052439731e-01 3.805939352485180338e-01 4.100433196534428171e-01 3.961741906064751850e-01 3.997765617875057576e-01 3.428590971272230115e-01 4.938885088919288679e-01 3.859074327405381255e-01 4.465173278613771557e-01 4.368809849521204103e-01 3.471819425444596652e-01 5.057763337893297351e-01 4.153568171454629088e-01 4.059005927952576420e-01 4.355300957592340150e-01 4.193194254445964386e-01 4.362505699954400962e-01 5.170337437300501771e-01
4.587653898768810357e-01 4.766871865025080757e-01 4.638087095303237706e-01 4.303967168262654019e-01 3.923016415868673112e-01 4.565139078887369140e-01 3.587995896032831755e-01 4.370611035111719445e-01 3.480825353397173361e-01 4.290458276333790066e-01 4.353499772001824808e-01 4.172480620155039066e-01 1.000000000000000000e+00 3.194436844505244566e-01 3.837460100319198264e-01 3.934724122207022279e-01 4.270645234838121862e-01 4.890253077975376672e-01 3.977051983584132255e-01 3.703271773825809743e-01 3.524053807569539898e-01 3.657341541267670193e-01 3.869881440948472195e-01 2.902644778841769746e-01 4.413839489284085982e-01 4.196796625626995625e-01 2.627963976288190118e-01 3.595200638394893122e-01 4.069813041495668471e-01 4.416541267669858994e-01 4.396728226174190790e-01 3.565481076151391093e-01 3.028727770177839229e-01 4.456167350661195403e-01 3.891495668034656297e-01 4.152667578659370862e-01 4.687619699042408494e-01 4.425547195622435148e-01 4.803796169630644153e-01
3.915811673506612300e-01 3.186331509347926083e-01 3.577188782489740260e-01 3.733891928864569443e-01 2.807181942544459963e-01 4.076117191062471612e-01 4.404240766073872632e-02 1.490515275877793144e-01 2.386605107159143202e-01 4.803796169630644153e-01 3.076459188326493566e-01 3.377257181942545095e-01 3.194436844505244566e-01 1.000000000000000000e+00 2.748643410852713576e-01 3.507843137254902377e-01 3.794231646146831172e-01 3.913109895120839288e-01 3.136798905608755295e-01 2.966586867305062158e-01 2.913451892384861242e-01 2.017362061103511739e-01 2.424430004559964269e-01 2.670291837665298984e-01 3.314215686274510353e-01 2.801778385772914493e-01 3.273689010487916273e-01 1.812026903784769993e-01 3.220554035567715911e-01 3.162916096671226640e-01 3.122389420884633671e-01 3.922115823073416552e-01 4.071614227086183813e-01 3.615914272685818998e-01 3.786126310989512134e-01 2.917954856361149596e-01 2.632466940264477917e-01 2.627963976288190118e-01 3.243969448244414244e-01
4.336388508891929616e-01 3.505141358869128809e-01 3.654639762881897180e-01 4.395827633378933674e-01 4.493091655266758244e-01 4.004069767441860717e-01 2.724327405380757572e-01 3.367350661194710715e-01 2.510886912904697343e-01 3.479024167806658019e-01 3.511445508435933061e-01 3.459211126310989814e-01 3.837460100319198264e-01 2.748643410852713576e-01 1.000000000000000000e+00 3.317818057455541036e-01 3.683458732330141538e-01 3.698768809849521388e-01 4.654297765617875227e-01 3.040435476516188396e-01 2.881931144550844426e-01 2.714420884632923192e-01 3.281794345645235311e-01 3.418684450524395735e-01 4.245428636570907077e-01 3.914911080711355185e-01 1.677838577291382027e-01 2.948575011399909296e-01 3.107079343365253821e-01 2.880129958960328529e-01 3.298905608755130503e-01 2.293844049247606431e-01 4.455266757865937732e-01 4.010373917008664413e-01 3.515047879616963189e-01 3.192635658914728669e-01 4.428248974008208161e-01 3.376356589147286869e-01 4.358002735978112052e-01
4.327382580939352352e-01 3.892396260829913968e-01 4.140959872321021695e-01 4.228317373461012996e-01 3.741997264021888481e-01 5.029844961240309553e-01 4.218410852713178616e-01 4.297663018695851433e-01 3.670850433196534701e-01 4.654297765617875227e-01 4.232820337437301350e-01 4.479582763337893736e-01 3.934724122207022279e-01 3.507843137254902377e-01 3.317818057455541036e-01 1.000000000000000000e+00 4.583150934792521447e-01 4.638987688098495377e-01 3.869881440948472195e-01 3.650136798905608826e-01 4.457067943456452519e-01 4.272446420428636649e-01 3.970747834017328004e-01 4.430050159598722948e-01 4.102234382124943513e-01 3.111582307341542175e-01 3.959940720474237064e-01 3.747400820793433396e-01 3.909507523939808604e-01 3.916712266301869971e-01 4.577747378020976532e-01 4.352599179206567137e-01 2.768456452348381225e-01 5.185647514819882176e-01 3.442099863201095178e-01 6.459986320109438740e-01 5.238782489740082537e-01 4.274247606019151435e-01 3.554673962608299598e-01
3.943730050159599543e-01 3.844664842681259076e-01 4.906463748290014193e-01 3.870782033743730421e-01 3.132295941632466940e-01 4.802895576835385927e-01 3.301607387140902961e-01 3.902302781577748347e-01 4.452564979480164720e-01 4.000467396260830033e-01 4.376915184678523141e-01 4.408435932512541067e-01 4.270645234838121862e-01 3.794231646146831172e-01 3.683458732330141538e-01 4.583150934792521447e-01 1.000000000000000000e+00 5.012733698130414917e-01 4.656999544003648794e-01 3.948233014135887342e-01 4.148164614683082507e-01 3.652838577291381839e-01 3.968946648426813217e-01 2.817989056087552013e-01 4.078818969448244625e-01 4.308470132238942374e-01 3.407877336981304239e-01 3.815845873233014718e-01 4.041894664842682339e-01 3.959940720474237064e-01 4.320177838577291540e-01 3.890595075239398626e-01 4.232820337437301350e-01 3.990560875512996208e-01 4.216609667122662719e-01 4.418342453260373781e-01 4.043695850433197125e-01 4.565139078887369140e-01 4.193194254445964386e-01
4.492191062471501128e-01 4.269744642042864191e-01 4.627279981760146210e-01 4.456167350661195403e-01 3.688862289101687564e-01 5.399988600091198965e-01 3.601504787961696818e-01 4.766871865025080757e-01 3.951835385316917471e-01 4.357102143182854936e-01 4.737152302781577617e-01 4.565139078887369140e-01 4.890253077975376672e-01 3.913109895120839288e-01 3.698768809849521388e-01 4.638987688098495377e-01 5.012733698130414917e-01 1.000000000000000000e+00 4.171580027359781395e-01 4.298563611491108549e-01 4.311171910624715387e-01 4.073415412676698599e-01 4.312973096215230173e-01 4.199498404012768638e-01 4.619174646602827727e-01 3.683458732330141538e-01 3.824851801185590872e-01 4.179685362517100433e-01 4.237323301413589149e-01 4.789386684906521419e-01 4.309370725034200045e-01 4.361605107159143291e-01 4.521910624715002602e-01 4.708333333333333814e-01 4.708333333333333814e-01 4.559735522115823114e-01 5.302724578203374950e-01 4.455266757865937732e-01 4.925376196990424171e-01
4.377815777473780812e-01 3.692464660282718247e-01 4.330984952120383591e-01 3.605107159142726947e-01 2.235305517555860044e-01 4.013976288189694541e-01 2.730631554947560713e-01 1.908390332877337170e-01 3.014318285453716495e-01 3.771716826265389955e-01 3.894197446420428754e-01 4.042795257637938899e-01 3.977051983584132255e-01 3.136798905608755295e-01 4.654297765617875227e-01 3.869881440948472195e-01 4.656999544003648794e-01 4.171580027359781395e-01 1.000000000000000000e+00 3.252975376196990953e-01 3.370953032375741398e-01 3.153910168718650486e-01 3.126892384860921470e-01 4.215709074327406158e-01 3.932922936616507492e-01 3.218752849977200015e-01 2.881931144550844426e-01 3.347537619699042510e-01 2.917954856361149596e-01 2.045280437756498149e-01 3.378157774737802765e-01 2.586536707706338922e-01 3.864477884176927280e-01 3.087266301869585616e-01 2.724327405380757572e-01 3.154810761513908157e-01 4.663303693570451380e-01 3.293502051983584478e-01 6.403248974008208805e-01
4.038292293661651100e-01 3.765412676698586814e-01 3.686160510715914551e-01 3.919414044687642984e-01 2.336171910624715575e-01 4.301265389876881007e-01 2.572127222982216188e-01 4.247229822161422974e-01 2.680198358413133364e-01 2.423529411764706043e-01 3.855471956224350571e-01 3.729388964888281088e-01 3.703271773825809743e-01 2.966586867305062158e-01 3.040435476516188396e-01 3.650136798905608826e-01 3.948233014135887342e-01 4.298563611491108549e-01 3.252975376196990953e-01 1.000000000000000000e+00 2.936867305061560129e-01 2.359587323301413908e-01 2.695508435932513214e-01 3.118787049703602432e-01 3.902302781577748347e-01 2.860316917464660880e-01 2.342476060191518716e-01 3.196238030095759353e-01 2.977393980848153654e-01 3.480825353397173361e-01 3.090868673050615745e-01 3.677154582763338397e-01 4.078818969448244625e-01 3.787026903784770360e-01 2.730631554947560713e-01 3.499737802097583894e-01 3.738394892840857242e-01 3.051242590059279891e-01 4.065310077519380116e-01
3.686160510715914551e-01 3.675353397172823056e-01 4.276949384404925003e-01 3.821249430004560743e-01 3.053944368445052904e-01 4.169778841769266053e-01 2.084005927952576886e-01 4.202200182398541650e-01 2.434336525307798371e-01 3.828454172366621555e-01 3.711377108983129336e-01 4.462471500227999099e-01 3.524053807569539898e-01 2.913451892384861242e-01 2.881931144550844426e-01 4.457067943456452519e-01 4.148164614683082507e-01 4.311171910624715387e-01 3.370953032375741398e-01 2.936867305061560129e-01 1.000000000000000000e+00 2.999908800729594316e-01 2.840503875968992675e-01 4.570542635658915165e-01 3.880688554491564246e-01 2.651379388964889006e-01 2.064192886456908405e-01 3.023324213406293204e-01 2.691906064751481975e-01 3.702371181030552072e-01 3.370953032375741398e-01 2.781965344277246288e-01 3.814945280437756492e-01 3.689762881896945235e-01 2.585636114911080696e-01 4.254434564523484341e-01 3.744699042407661493e-01 3.279993160054719969e-01 2.728830369357045371e-01
4.196796625626995625e-01 3.729388964888281088e-01 3.684359325125399764e-01 3.406076151390789453e-01 4.144562243502052934e-01 3.859974920200639481e-01 1.705756953944368992e-01 3.535761513907889619e-01 2.614455084359325054e-01 4.821808025535796460e-01 3.567282261741906435e-01 3.394368445052439731e-01 3.657341541267670193e-01 2.017362061103511739e-01 2.714420884632923192e-01 4.272446420428636649e-01 3.652838577291381839e-01 4.073415412676698599e-01 3.153910168718650486e-01 2.359587323301413908e-01 2.999908800729594316e-01 1.000000000000000000e+00 2.807181942544459963e-01 3.089067487460100958e-01 3.782523939808482560e-01 2.194778841769266242e-01 2.075000000000000455e-01 2.626162790697675331e-01 2.736035111719107293e-01 2.772959416324670134e-01 3.348438212494300181e-01 4.001367989056087704e-01 3.723985408116735063e-01 3.833857729138167025e-01 1.958823529411764797e-01 3.710476516187871110e-01 3.668148654810761689e-01 3.216951664386685228e-01 3.261981304149567107e-01
4.334587323301413719e-01 4.019379844961240567e-01 3.861776105791154268e-01 4.086023711810305992e-01 3.218752849977200015e-01 4.610168718650251019e-01 1.715663474692202817e-01 3.754605563155494763e-01 2.292042863657091090e-01 4.005870953032376613e-01 3.784325125398997347e-01 3.805939352485180338e-01 3.869881440948472195e-01 2.424430004559964269e-01 3.281794345645235311e-01 3.970747834017328004e-01 3.968946648426813217e-01 4.312973096215230173e-01 3.126892384860921470e-01 2.695508435932513214e-01 2.840503875968992675e-01 2.807181942544459963e-01 1.000000000000000000e+00 3.599703602371181477e-01 3.764512083903329143e-01 1.378841769265845840e-01 2.247913816689466882e-01 2.999908800729594316e-01 2.953978568171454766e-01 3.311513907888737340e-01 3.143103055175558991e-01 3.398871409028728086e-01 3.896899224806201767e-01 3.925718194254446125e-01 2.271329229366165492e-01 3.848267213862289204e-01 4.101333789329685842e-01 3.062049703602371387e-01 3.800535795713634313e-01
3.900501595987232450e-01 3.810442316461468693e-01 4.453465572275422391e-01 4.102234382124943513e-01 2.958481532147743120e-01 3.478123575011400348e-01 2.464956680346557516e-01 3.091769265845873416e-01 2.046181030551756097e-01 4.495793433652531257e-01 3.228659370725034394e-01 4.100433196534428171e-01 2.902644778841769746e-01 2.670291837665298984e-01 3.418684450524395735e-01 4.430050159598722948e-01 2.817989056087552013e-01 4.199498404012768638e-01 4.215709074327406158e-01 3.118787049703602432e-01 4.570542635658915165e-01 3.089067487460100958e-01 3.599703602371181477e-01 1.000000000000000000e+00 3.510544915640675390e-01 2.953077975376197095e-01 2.766655266757866438e-01 3.384461924304605906e-01 3.007113543091655683e-01 2.769357045143639451e-01 3.478123575011400348e-01 3.569984040127678893e-01 4.769573643410853214e-01 3.672651618787050043e-01 3.669049247606019359e-01 4.255335157318741457e-01 3.937425900592795847e-01 3.144904240766074333e-01 4.020280437756498793e-01
5.165834473324213416e-01 4.167077063383493596e-01 4.596659826721386510e-01 4.844322845417237677e-01 5.274806201550388263e-01 3.875284997720018776e-01 3.379058367533059881e-01 4.113041495668035008e-01 3.423187414500684089e-01 3.325923392612859519e-01 4.328283173734610578e-01 3.961741906064751850e-01 4.413839489284085982e-01 3.314215686274510353e-01 4.245428636570907077e-01 4.102234382124943513e-01 4.078818969448244625e-01 4.619174646602827727e-01 3.932922936616507492e-01 3.902302781577748347e-01 3.880688554491564246e-01 3.782523939808482560e-01 3.764512083903329143e-01 3.510544915640675390e-01 1.000000000000000000e+00 5.010932512539899575e-01 3.868080255357957409e-01 3.361046511627907574e-01 3.982455540355677726e-01 4.340891472868217416e-01 3.894197446420428754e-01 4.450763793889649378e-01 4.926276789785682397e-01 4.702029183766530118e-01 3.866279069767442622e-01 4.095930232558140371e-01 4.602063383492933091e-01 4.072514819881441483e-01 4.204901960784314108e-01
4.013976288189694541e-01 3.299806201550388174e-01 3.489831281349749514e-01 4.095029639762882145e-01 3.973449612403101017e-01 2.784667122663019301e-01 2.596443228454172747e-01 3.646534427724578697e-01 1.891279069767442256e-01 5.510761513907889153e-01 5.025341997264022309e-01 3.997765617875057576e-01 4.196796625626995625e-01 2.801778385772914493e-01 3.914911080711355185e-01 3.111582307341542175e-01 4.308470132238942374e-01 3.683458732330141538e-01 3.218752849977200015e-01 2.860316917464660880e-01 2.651379388964889006e-01 2.194778841769266242e-01 1.378841769265845840e-01 2.953077975376197095e-01 5.010932512539899575e-01 1.000000000000000000e+00 2.461354309165527110e-01 2.647777017783857767e-01 2.553214774281806210e-01 3.159313725490196512e-01 2.941370269037847929e-01 4.325581395348837566e-01 4.613771089831281702e-01 3.073757409940721108e-01 4.097731418148655158e-01 4.667806657546740290e-01 4.788486092111263748e-01 2.989101687186502820e-01 5.399988600091198965e-01
3.634826721386229531e-01 3.112482900136799291e-01 3.153009575923392815e-01 3.610510715914272972e-01 2.101117191062472078e-01 3.222355221158231253e-01 1.000000000000000021e-02 2.763953488372093426e-01 2.292943456452348483e-01 3.014318285453716495e-01 3.216951664386685228e-01 3.428590971272230115e-01 2.627963976288190118e-01 3.273689010487916273e-01 1.677838577291382027e-01 3.959940720474237064e-01 3.407877336981304239e-01 3.824851801185590872e-01 2.881931144550844426e-01 2.342476060191518716e-01 2.064192886456908405e-01 2.075000000000000455e-01 2.247913816689466882e-01 2.766655266757866438e-01 3.868080255357957409e-01 2.461354309165527110e-01 1.000000000000000000e+00 2.310054719562243952e-01 2.880129958960328529e-01 3.361046511627907574e-01 3.160214318285454183e-01 3.443000455996352294e-01 3.567282261741906435e-01 3.228659370725034394e-01 1.341917464660282722e-01 3.826652986776106213e-01 3.218752849977200015e-01 2.471260829913360935e-01 2.903545371637027417e-01
3.885191518467852601e-01 3.786126310989512134e-01 3.655540355677155406e-01 4.243627450980392291e-01 3.325923392612859519e-01 4.021181030551755908e-01 2.618958048335613964e-01 3.379058367533059881e-01 2.747742818057455905e-01 3.963543091655266637e-01 4.111240310077520221e-01 4.938885088919288679e-01 3.595200638394893122e-01 1.812026903784769993e-01 2.948575011399909296e-01 3.747400820793433396e-01 3.815845873233014718e-01 4.179685362517100433e-01 3.347537619699042510e-01 3.196238030095759353e-01 3.023324213406293204e-01 2.626162790697675331e-01 2.999908800729594316e-01 3.384461924304605906e-01 3.361046511627907574e-01 2.647777017783857767e-01 2.310054719562243952e-01 1.000000000000000000e+00 3.243969448244414244e-01 3.698768809849521388e-01 3.454708162334701460e-01 3.099874601003192454e-01 4.923575011399908274e-01 3.096272229822161770e-01 3.221454628362973582e-01 3.725786593707250960e-01 3.839261285909713051e-01 3.690663474692202906e-01 4.174281805745553853e-01
4.077017783857729838e-01 3.752804377564979421e-01 3.978853169174647042e-01 4.052701778385773279e-01 3.478123575011400348e-01 4.077017783857729838e-01 2.294744642042863825e-01 3.720383036935705490e-01 2.785567715458276417e-01 4.095029639762882145e-01 3.660043319653443206e-01 3.859074327405381255e-01 4.069813041495668471e-01 3.220554035567715911e-01 3.107079343365253821e-01 3.909507523939808604e-01 4.041894664842682339e-01 4.237323301413589149e-01 2.917954856361149596e-01 2.977393980848153654e-01 2.691906064751481975e-01 2.736035111719107293e-01 2.953978568171454766e-01 3.007113543091655683e-01 3.982455540355677726e-01 2.553214774281806210e-01 2.880129958960328529e-01 3.243969448244414244e-01 1.000000000000000000e+00 3.948233014135887342e-01 3.607808937528499960e-01 3.830255357957136897e-01 4.252633378932969554e-01 4.090526675786593791e-01 3.294402644778842149e-01 3.761810305517556130e-01 3.731190150478796430e-01 4.166176470588235925e-01 3.759108527131783672e-01
4.050000000000000266e-01 3.919414044687642984e-01 4.329183766529867694e-01 4.429149566803466387e-01 3.624920200638395151e-01 4.594858641130871724e-01 2.671192430460557210e-01 6.160088919288646547e-01 3.155711354309165828e-01 3.712277701778385897e-01 4.085123119015048321e-01 4.465173278613771557e-01 4.416541267669858994e-01 3.162916096671226640e-01 2.880129958960328529e-01 3.916712266301869971e-01 3.959940720474237064e-01 4.789386684906521419e-01 2.045280437756498149e-01 3.480825353397173361e-01 3.702371181030552072e-01 2.772959416324670134e-01 3.311513907888737340e-01 2.769357045143639451e-01 4.340891472868217416e-01 3.159313725490196512e-01 3.361046511627907574e-01 3.698768809849521388e-01 3.948233014135887342e-01 1.000000000000000000e+00 3.918513451892384758e-01 2.527097583219334309e-01 4.688520291837666720e-01 4.276949384404925003e-01 3.361046511627907574e-01 3.768114455084359826e-01 4.092327861377109133e-01 3.859074327405381255e-01 3.602405380756954489e-01
4.100433196534428171e-01 3.802336981304150765e-01 4.323780209758322224e-01 4.210305517555859578e-01 3.734792521659827114e-01 4.167977656178751267e-01 2.517191062471500484e-01 4.232820337437301350e-01 3.298905608755130503e-01 3.293502051983584478e-01 3.886992704058367942e-01 4.368809849521204103e-01 4.396728226174190790e-01 3.122389420884633671e-01 3.298905608755130503e-01 4.577747378020976532e-01 4.320177838577291540e-01 4.309370725034200045e-01 3.378157774737802765e-01 3.090868673050615745e-01 3.370953032375741398e-01 3.348438212494300181e-01 3.143103055175558991e-01 3.478123575011400348e-01 3.894197446420428754e-01 2.941370269037847929e-01 3.160214318285454183e-01 3.454708162334701460e-01 3.607808937528499960e-01 3.918513451892384758e-01 1.000000000000000000e+00 3.892396260829913968e-01 4.115743274053808576e-01 4.205802553579571779e-01 3.394368445052439731e-01 4.435453716370269528e-01 4.002268581851345930e-01 3.685259917920656880e-01 3.913109895120839288e-01
4.666906064751482619e-01 3.837460100319198264e-01 4.264341085271318721e-01 4.850626994984040263e-01 3.966244870041040205e-01 4.131053351573187871e-01 1.964227086183310822e-01 3.014318285453716495e-01 3.569083447332421777e-01 8.000000000000000444e-01 3.498837209302325668e-01 3.471819425444596652e-01 3.565481076151391093e-01 3.922115823073416552e-01 2.293844049247606431e-01 4.352599179206567137e-01 3.890595075239398626e-01 4.361605107159143291e-01 2.586536707706338922e-01 3.677154582763338397e-01 2.781965344277246288e-01 4.001367989056087704e-01 3.398871409028728086e-01 3.569984040127678893e-01 4.450763793889649378e-01 4.325581395348837566e-01 3.443000455996352294e-01 3.099874601003192454e-01 3.830255357957136897e-01 2.527097583219334309e-01 3.892396260829913968e-01 1.000000000000000000e+00 4.606566347469220890e-01 2.441541267669858906e-01 2.217293661650707182e-01 2.907147742818058100e-01 3.696067031463748931e-01 4.368809849521204103e-01 4.768673050615595543e-01
4.366108071135431090e-01 3.215150478796170441e-01 4.461570907432740873e-01 5.624236206110351244e-01 3.630323757409941177e-01 4.193194254445964386e-01 4.125649794801642400e-01 5.376573187414500632e-01 4.098632010943912829e-01 5.166735066119472197e-01 4.365207478340173974e-01 5.057763337893297351e-01 3.028727770177839229e-01 4.071614227086183813e-01 4.455266757865937732e-01 2.768456452348381225e-01 4.232820337437301350e-01 4.521910624715002602e-01 3.864477884176927280e-01 4.078818969448244625e-01 3.814945280437756492e-01 3.723985408116735063e-01 3.896899224806201767e-01 4.769573643410853214e-01 4.926276789785682397e-01 4.613771089831281702e-01 3.567282261741906435e-01 4.923575011399908274e-01 4.252633378932969554e-01 4.688520291837666720e-01 4.115743274053808576e-01 4.606566347469220890e-01 1.000000000000000000e+00 5.906121751025993349e-01 3.753704970360237647e-01 3.195337437300502237e-01 5.646751025991793016e-01 4.398529411764706132e-01 5.680973552211583399e-01
4.203100775193798211e-01 3.168319653442772665e-01 4.739854081167350630e-01 4.045497036023711912e-01 5.238782489740082537e-01 3.723985408116735063e-01 3.410579115367077252e-01 4.414740082079343653e-01 3.599703602371181477e-01 4.250832193342453658e-01 4.037391700866393429e-01 4.153568171454629088e-01 4.456167350661195403e-01 3.615914272685818998e-01 4.010373917008664413e-01 5.185647514819882176e-01 3.990560875512996208e-01 4.708333333333333814e-01 3.087266301869585616e-01 3.787026903784770360e-01 3.689762881896945235e-01 3.833857729138167025e-01 3.925718194254446125e-01 3.672651618787050043e-01 4.702029183766530118e-01 3.073757409940721108e-01 3.228659370725034394e-01 3.096272229822161770e-01 4.090526675786593791e-01 4.276949384404925003e-01 4.205802553579571779e-01 2.441541267669858906e-01 5.906121751025993349e-01 1.000000000000000000e+00 3.404274965800274111e-01 4.999224806201550408e-01 5.985373917008663947e-01 4.158971728226174558e-01 4.140959872321021695e-01
3.657341541267670193e-01 4.136456908344733341e-01 3.945531235750114329e-01 3.695166438668491260e-01 3.113383492932056962e-01 4.393125854993160662e-01 1.477006383948928636e-01 3.776219790241677754e-01 2.750444596443228917e-01 3.402473780209758769e-01 3.872583219334245208e-01 4.059005927952576420e-01 3.891495668034656297e-01 3.786126310989512134e-01 3.515047879616963189e-01 3.442099863201095178e-01 4.216609667122662719e-01 4.708333333333333814e-01 2.724327405380757572e-01 2.730631554947560713e-01 2.585636114911080696e-01 1.958823529411764797e-01 2.271329229366165492e-01 3.669049247606019359e-01 3.866279069767442622e-01 4.097731418148655158e-01 1.341917464660282722e-01 3.221454628362973582e-01 3.294402644778842149e-01 3.361046511627907574e-01 3.394368445052439731e-01 2.217293661650707182e-01 3.753704970360237647e-01 3.404274965800274111e-01 1.000000000000000000e+00 3.740196078431372584e-01 3.882489740082080143e-01 3.516849065207478531e-01 3.915811673506612300e-01
3.966244870041040205e-01 3.566381668946648764e-01 3.913109895120839288e-01 4.655198358413132897e-01 3.544767441860465773e-01 4.793889648882809218e-01 3.337631098951208686e-01 4.427348381212951045e-01 3.607808937528499960e-01 4.092327861377109133e-01 4.170679434564524279e-01 4.355300957592340150e-01 4.152667578659370862e-01 2.917954856361149596e-01 3.192635658914728669e-01 6.459986320109438740e-01 4.418342453260373781e-01 4.559735522115823114e-01 3.154810761513908157e-01 3.499737802097583894e-01 4.254434564523484341e-01 3.710476516187871110e-01 3.848267213862289204e-01 4.255335157318741457e-01 4.095930232558140371e-01 4.667806657546740290e-01 3.826652986776106213e-01 3.725786593707250960e-01 3.761810305517556130e-01 3.768114455084359826e-01 4.435453716370269528e-01 2.907147742818058100e-01 3.195337437300502237e-01 4.999224806201550408e-01 3.740196078431372584e-01 1.000000000000000000e+00 3.793331053351573501e-01 4.077017783857729838e-01 3.357444140446876335e-01
4.497594619243046599e-01 3.918513451892384758e-01 4.579548563611491319e-01 4.089626082991336675e-01 2.979195166438668441e-01 4.099532603739171055e-01 3.215150478796170441e-01 4.186890104879161800e-01 3.364648882808937702e-01 3.891495668034656297e-01 4.063508891928864220e-01 4.193194254445964386e-01 4.687619699042408494e-01 2.632466940264477917e-01 4.428248974008208161e-01 5.238782489740082537e-01 4.043695850433197125e-01 5.302724578203374950e-01 4.663303693570451380e-01 3.738394892840857242e-01 3.744699042407661493e-01 3.668148654810761689e-01 4.101333789329685842e-01 3.937425900592795847e-01 4.602063383492933091e-01 4.788486092111263748e-01 3.218752849977200015e-01 3.839261285909713051e-01 3.731190150478796430e-01 4.092327861377109133e-01 4.002268581851345930e-01 3.696067031463748931e-01 5.646751025991793016e-01 5.985373917008663947e-01 3.882489740082080143e-01 3.793331053351573501e-01 1.000000000000000000e+00 4.339090287277702629e-01 3.781623347013224334e-01
4.414740082079343653e-01 4.158971728226174558e-01 4.457067943456452519e-01 4.598461012311901297e-01 3.714078887368900683e-01 4.270645234838121862e-01 2.937767897856817800e-01 4.175182398540812079e-01 3.015218878248974166e-01 4.305768353853169361e-01 4.068011855905153684e-01 4.362505699954400962e-01 4.425547195622435148e-01 2.627963976288190118e-01 3.376356589147286869e-01 4.274247606019151435e-01 4.565139078887369140e-01 4.455266757865937732e-01 3.293502051983584478e-01 3.051242590059279891e-01 3.279993160054719969e-01 3.216951664386685228e-01 3.062049703602371387e-01 3.144904240766074333e-01 4.072514819881441483e-01 2.989101687186502820e-01 2.471260829913360935e-01 3.690663474692202906e-01 4.166176470588235925e-01 3.859074327405381255e-01 3.685259917920656880e-01 4.368809849521204103e-01 4.398529411764706132e-01 4.158971728226174558e-01 3.516849065207478531e-01 4.077017783857729838e-01 4.339090287277702629e-01 1.000000000000000000e+00 4.680414956680346572e-01
4.715538075695394626e-01 4.202200182398541650e-01 3.859974920200639481e-01 5.162232102143182733e-01 4.416541267669858994e-01 4.216609667122662719e-01 3.038634290925673054e-01 4.089626082991336675e-01 3.323221614227086507e-01 5.952952576379388905e-01 4.251732786137711329e-01 5.170337437300501771e-01 4.803796169630644153e-01 3.243969448244414244e-01 4.358002735978112052e-01 3.554673962608299598e-01 4.193194254445964386e-01 4.925376196990424171e-01 6.403248974008208805e-01 4.065310077519380116e-01 2.728830369357045371e-01 3.261981304149567107e-01 3.800535795713634313e-01 4.020280437756498793e-01 4.204901960784314108e-01 5.399988600091198965e-01 2.903545371637027417e-01 4.174281805745553853e-01 3.759108527131783672e-01 3.602405380756954489e-01 3.913109895120839288e-01 4.768673050615595543e-01 5.680973552211583399e-01 4.140959872321021695e-01 3.915811673506612300e-01 3.357444140446876335e-01 3.781623347013224334e-01 4.680414956680346572e-01 1.000000000000000000e+00
