9.899999999999999911e-01 4.688435266370928334e-01 4.300924575054545507e-01 3.892144785669667817e-01 3.791404090534142290e-01 3.283185263551974820e-01 5.277881928068958173e-01 3.579753428119879510e-01 3.170469688330669333e-01 3.757194772697819429e-01 1.790806228815599310e-01 5.616438557201488546e-01 3.159153823785181281e-01 4.947660502931870985e-01 4.431216129388687031e-01 3.203229398947848861e-01 4.683539802786060857e-01 2.973360738375649404e-01 4.345322858223676366e-01 4.082770433058947601e-01 4.295718382310545480e-01 3.916344203224831344e-01 2.873028452300623314e-01 2.449366413419592492e-01 4.374027409944215572e-01 2.188692825825405142e-01 3.670434665963335785e-01 4.761334308166169649e-01 3.030758094532243763e-01 3.836508166433708622e-01 4.123730886875912605e-01 3.703734547384296971e-01 4.825877695298659287e-01 3.798829132183630941e-01 5.366194558599222120e-01 3.650945654255188799e-01 4.877415766854445445e-01 4.234481628274806564e-01 3.492765678830688225e-01 2.930878560688672252e-01 4.181958754433831027e-01 2.468062807543695558e-01 3.053306456913120748e-01 3.249161863665120942e-01 3.683264115490869628e-01
4.688435266370928334e-01 9.899999999999999911e-01 4.143929112691148720e-01 3.112914940829256683e-01 4.359903666905278197e-01 5.066158450504724131e-01 4.132215681027474607e-01 3.978923420949608269e-01 2.983491795109934897e-01 2.657217305868167512e-01 2.232621913971498673e-01 3.602839971183156020e-01 3.296958066977994095e-01 3.898993862669740684e-01 4.226894948211398217e-01 3.502147806544509967e-01 3.200267050733441310e-01 3.169935327764079602e-01 3.842295608467931611e-01 3.857931516254876625e-01 4.366398814953947327e-01 3.532088941686940542e-01 3.014472655590664796e-01 2.509730708303757329e-01 2.643398869804972073e-01 1.940040919474051440e-01 3.256316706248931769e-01 2.584917990875060800e-01 2.774744895804713285e-01 3.407556531543322054e-01 3.079388064343295817e-01 3.733858990694426394e-01 3.241387290900146767e-01 3.120415878813742605e-01 3.189210257692338679e-01 3.584759226407832067e-01 3.398299297944624708e-01 4.085270289708737845e-01 2.920876229411907832e-01 3.695273247864612198e-01 4.220410613285136558e-01 4.082124435735959844e-01 3.940932141403596933e-01 3.146134307805878993e-01 3.126355753870900811e-01
4.300924575054545507e-01 4.143929112691148720e-01 9.899999999999999911e-01 3.864314379020045709e-01 4.808748999421877945e-01 3.005841760643147009e-01 3.794049201891129264e-01 3.895221724509988492e-01 3.027416742470375732e-01 2.341048235009487444e-01 1.044387928086290412e-01 2.964014406631862997e-01 3.348015671761069290e-01 3.583986799337948170e-01 2.753397126661187855e-01 2.660396746680669389e-01 3.962951687318234661e-01 4.645713782621381793e-01 4.360677815082386055e-01 3.810624978674998498e-01 3.157661719719456195e-01 3.900527760597015670e-01 4.546775469606642028e-01 2.799834342888958272e-01 2.701428371299757769e-01 1.886093554357601842e-01 3.865412056818963160e-01 3.148669524763246796e-01 4.087168689873780236e-01 3.002109382858224595e-01 3.007314329834942512e-01 2.837656024431161050e-01 3.248644221899421591e-01 4.104506820470100736e-01 3.485503235973292924e-01 4.549212157375132071e-01 3.090057576020943109e-01 3.609689256648849209e-01 6.004512716920061832e-01 4.482991868425879045e-01 3.247771827703924696e-01 2.157282004817590582e-01 2.413272173709608004e-01 3.030210335065275373e-01 2.700341573116680771e-01
3.892144785669667817e-01 3.112914940829256683e-01 3.864314379020045709e-01 9.899999999999999911e-01 4.731994945846346168e-01 2.553123670863738370e-01 3.364800397372876839e-01 3.559097501582141332e-01 2.597142052343942575e-01 2.825793710635854938e-01 1.491685243641311664e-01 2.935963604352151979e-01 3.221613783125957253e-01 3.027262594686691566e-01 2.069196004101780673e-01 2.961541691713583391e-01 4.235961717565306373e-01 4.013926632630678837e-01 3.442780214334671962e-01 3.728220895045752936e-01 3.736548070231495711e-01 3.422579196361530962e-01 3.918705927677720302e-01 3.147016840263112680e-01 2.860596662129228918e-01 2.376982186362240346e-01 3.340245429522614162e-01 3.557163636169672349e-01 5.281217679032667034e-01 3.222515569869199292e-01 3.038839843629150272e-01 2.967085691535445435e-01 3.146185113110780973e-01 3.757906080847066010e-01 3.866844137315827989e-01 2.837584864485815928e-01 3.147102286637240010e-01 3.116225732555589767e-01 4.353559646582582099e-01 3.753877685273226406e-01 2.509110382162254016e-01 3.639192440026720599e-01 3.160534519608770299e-01 3.826629177567190676e-01 3.133116572457211868e-01
3.791404090534142290e-01 4.359903666905278197e-01 4.808748999421877945e-01 4.731994945846346168e-01 9.899999999999999911e-01 3.682807367909264329e-01 3.840401748171130558e-01 3.663649925719617007e-01 3.295191374073453972e-01 2.636489584482592519e-01 2.230375303586981661e-01 3.048095952542422271e-01 3.984683819814618944e-01 3.337592649165671554e-01 2.828675983198671862e-01 2.371540229344342998e-01 3.115184345520087827e-01 4.294999200385276050e-01 3.575636613433088584e-01 4.367529818061878233e-01 3.497178703375706244e-01 3.375199906741020439e-01 4.830452217670548887e-01 3.329232951920013672e-01 2.755662194821820177e-01 3.131202926364040628e-01 4.081887406656641293e-01 4.225928420398778473e-01 4.465613955031201288e-01 2.886402947759378890e-01 2.570172227087580419e-01 3.413994637020600909e-01 3.916325258788753150e-01 3.688479933067372873e-01 3.804844552107091715e-01 3.325794282114554190e-01 2.972441706047813104e-01 3.584928934242188614e-01 4.534148340656678489e-01 3.553471062117193879e-01 3.089263217023243135e-01 4.668520951494868343e-01 2.930647495165886740e-01 4.124676571080539422e-01 4.041224025579093215e-01
3.283185263551974820e-01 5.066158450504724131e-01 3.005841760643147009e-01 2.553123670863738370e-01 3.682807367909264329e-01 9.899999999999999911e-01 4.374991996414174800e-01 4.378328929218814336e-01 4.014537241276883162e-01 2.969296226246164183e-01 2.999302325611098441e-01 3.768820384877072383e-01 2.253350175852385229e-01 3.852801383431317395e-01 2.200995683997414853e-01 4.092196532804260878e-01 3.529164122910206647e-01 3.612762642709160810e-01 2.837942872713888343e-01 2.980900615326453895e-01 4.276987433074879164e-01 3.335333887970115541e-01 2.568576456960410259e-01 2.868844225428482941e-01 2.354358339013854495e-01 2.055389814569574813e-01 4.068841675790367818e-01 2.826637091862223006e-01 2.407858647191842838e-01 3.714040485879960274e-01 3.457498758627218782e-01 3.032783910593636056e-01 2.624870102320421283e-01 3.157769935862440036e-01 2.583819081279861152e-01 2.834014246594083741e-01 3.207093807454393652e-01 3.729954317403355590e-01 2.431062731529218812e-01 3.160464982993074212e-01 3.135122628765804054e-01 4.498237116825306581e-01 4.459658139631356155e-01 2.557472463823578512e-01 3.687706548164968456e-01
5.277881928068958173e-01 4.132215681027474607e-01 3.794049201891129264e-01 3.364800397372876839e-01 3.840401748171130558e-01 4.374991996414174800e-01 9.899999999999999911e-01 4.092098048045200720e-01 3.470017562782402587e-01 3.017087466608540658e-01 2.737876232780943053e-01 4.718496345573347517e-01 3.243579108423241264e-01 6.654838731724744827e-01 3.613952357829964823e-01 3.794376551723395163e-01 3.691937027191341536e-01 3.540247438681337622e-01 4.929634072417103940e-01 5.006568288138534273e-01 4.784309382291879187e-01 3.469183523480226516e-01 2.955170098242609900e-01 3.042798036813438856e-01 4.679112684727514959e-01 2.258567322625068541e-01 3.809117250832946278e-01 4.883245524927410930e-01 3.131191618368900920e-01 4.414856701499001446e-01 4.844896058848232601e-01 3.428368269174419947e-01 4.904220318431249392e-01 4.319579206853985109e-01 4.574155634187608843e-01 3.799482168641848956e-01 4.732367829658288283e-01 4.475060152612678199e-01 3.084197122273953928e-01 3.052769949265202731e-01 3.162287073058270837e-01 3.246450919899174226e-01 3.331635275780500116e-01 2.444323674481915509e-01 3.276342109581399376e-01
3.579753428119879510e-01 3.978923420949608269e-01 3.895221724509988492e-01 3.559097501582141332e-01 3.663649925719617007e-01 4.378328929218814336e-01 4.092098048045200720e-01 9.899999999999999911e-01 3.339912016004945583e-01 2.446047666965452394e-01 2.521107808731367639e-01 3.520159608116480432e-01 3.036436746560773337e-01 3.977369415335119118e-01 2.183763015198638135e-01 3.488545304790878765e-01 3.220360713460929669e-01 3.540658410928412270e-01 3.277677711364236912e-01 4.217925699409169615e-01 3.708598928298368347e-01 4.150288124408881285e-01 3.369953077932422714e-01 4.031222298710467888e-01 2.977500530847481119e-01 1.915618268115720224e-01 4.661210243084633609e-01 3.247212729921495900e-01 3.886338754108856208e-01 3.625307184089971990e-01 3.513116949588905857e-01 3.214229067899826431e-01 3.473991403343010265e-01 5.298468406996128532e-01 3.082236287794370977e-01 3.059804985840881009e-01 3.437912528095258824e-01 4.280554304205626548e-01 3.310983163666599838e-01 3.476187163125024071e-01 3.652004953729547365e-01 2.549351920860237208e-01 3.046861724151755380e-01 4.252039942009700479e-01 3.463310286209022593e-01
3.170469688330669333e-01 2.983491795109934897e-01 3.027416742470375732e-01 2.597142052343942575e-01 3.295191374073453972e-01 4.014537241276883162e-01 3.470017562782402587e-01 3.339912016004945583e-01 9.899999999999999911e-01 3.547873089329113272e-01 3.939726190756984714e-01 2.604108909762958834e-01 2.244334491145353883e-01 2.789495014557635266e-01 2.748408020475857083e-01 2.941857546290518322e-01 3.836671786908817383e-01 3.948656953149921600e-01 2.299466224017207572e-01 2.975050488896768819e-01 3.002103606263060165e-01 3.752780934414434721e-01 3.732207502774062546e-01 4.330967635962542084e-01 3.131505579379035842e-01 3.353459698733157746e-01 4.686441870379526309e-01 3.490315157285742154e-01 2.538526746774768528e-01 3.422539163517789307e-01 3.837003902470003669e-01 2.893738122256049872e-01 2.605183946670735495e-01 3.800710948559211655e-01 3.623138240572811863e-01 2.446095134463620591e-01 2.455708935661143899e-01 2.535943331425078995e-01 2.898993481478004952e-01 3.258404279670743531e-01 3.365274666428985095e-01 2.483048857312331048e-01 3.798627260790924387e-01 2.315978224582426193e-01 4.374541604784599746e-01
3.757194772697819429e-01 2.657217305868167512e-01 2.341048235009487444e-01 2.825793710635854938e-01 2.636489584482592519e-01 2.969296226246164183e-01 3.017087466608540658e-01 2.446047666965452394e-01 3.547873089329113272e-01 9.899999999999999911e-01 3.228520879582543746e-01 2.312252936792800750e-01 2.399471333274614260e-01 2.464731838265362684e-01 2.605845161085834083e-01 2.788248458524196227e-01 4.224822914203568702e-01 2.473702194888727224e-01 2.744138542105551970e-01 3.063725075198445724e-01 2.838913635998516205e-01 2.801064317292382144e-01 2.609644453278665011e-01 2.728974311191302293e-01 3.441345574650129246e-01 2.528980475544183038e-01 3.507767476953324026e-01 2.771144080461714898e-01 2.318062363862920527e-01 2.721110547493570397e-01 2.828295665441271090e-01 2.413740594467875256e-01 2.566408695808553575e-01 3.223307980334302325e-01 2.697189672325958631e-01 2.401012942786743265e-01 2.898913612198559253e-01 2.435122170128750652e-01 2.345512522494866414e-01 2.535943030524747122e-01 4.396710440849771473e-01 1.743672619657436751e-01 2.908814993753241485e-01 3.139895762352735153e-01 3.613909666548593691e-01
1.790806228815599310e-01 2.232621913971498673e-01 1.044387928086290412e-01 1.491685243641311664e-01 2.230375303586981661e-01 2.999302325611098441e-01 2.737876232780943053e-01 2.521107808731367639e-01 3.939726190756984714e-01 3.228520879582543746e-01 9.899999999999999911e-01 1.474866932004749720e-01 1.774977546033458808e-01 2.176637865330530164e-01 2.180828444531012489e-01 2.399757870928950210e-01 1.979243113408384325e-01 2.508507454526355263e-01 1.316096459260218399e-01 1.910373132328267998e-01 2.038538357228037445e-01 1.700920840176611271e-01 2.118343256717609702e-01 2.755221297281514881e-01 1.878528832383322134e-01 3.409890877635058937e-01 3.317106581540572585e-01 2.805662399826172049e-01 1.556853145895479296e-01 2.744024103530446901e-01 3.803736453958244668e-01 2.775999132108591394e-01 1.623774826890923562e-01 2.196267315663744113e-01 1.584436702965053567e-01 1.474179615083377193e-01 1.735240643611392630e-01 1.868540055230104024e-01 1.514875730583335744e-01 1.895686496267060817e-01 2.088555140903270435e-01 2.720353931408237003e-01 2.401287884446837717e-01 2.818077014381093481e-01 3.541340853198633454e-01
5.616438557201488546e-01 3.602839971183156020e-01 2.964014406631862997e-01 2.935963604352151979e-01 3.048095952542422271e-01 3.768820384877072383e-01 4.718496345573347517e-01 3.520159608116480432e-01 2.604108909762958834e-01 2.312252936792800750e-01 1.474866932004749720e-01 9.899999999999999911e-01 4.376410477432359225e-01 5.420976481112562695e-01 3.814416216913397717e-01 3.357958014430658666e-01 3.829014824268955897e-01 3.099591782811439433e-01 5.195637411238098746e-01 3.441142218421920362e-01 5.164577110113829361e-01 3.345796050326280136e-01 2.098179557710368459e-01 2.444548271421609353e-01 4.671305140946421242e-01 1.867376961074585784e-01 3.728164624945222161e-01 3.883887832710493093e-01 2.399043219465109289e-01 3.788503207875382195e-01 4.121827663609958226e-01 3.157740795757773000e-01 5.430362454094821434e-01 3.444625473066562638e-01 4.547351115415736444e-01 3.660182958873156034e-01 6.156657692670250981e-01 3.514509217767329829e-01 2.577449333574092782e-01 2.799716560951978073e-01 3.638412728367496074e-01 3.635427888413799158e-01 2.881544765421167886e-01 2.196310540111419685e-01 3.287728374329657033e-01
3.159153823785181281e-01 3.296958066977994095e-01 3.348015671761069290e-01 3.221613783125957253e-01 3.984683819814618944e-01 2.253350175852385229e-01 3.243579108423241264e-01 3.036436746560773337e-01 2.244334491145353883e-01 2.399471333274614260e-01 1.774977546033458808e-01 4.376410477432359225e-01 9.899999999999999911e-01 4.601500628359198597e-01 2.231473467462461169e-01 3.253219759163874514e-01 3.087870906270857585e-01 3.737644784375635520e-01 3.197791161401256632e-01 3.493095134161166015e-01 2.884118542999388746e-01 3.596911470997160576e-01 2.532885133677421630e-01 1.335177796801471084e-01 2.718669754468475142e-01 2.061971571015370208e-01 2.993557215224821322e-01 3.078224263114687775e-01 2.749194629604524431e-01 3.368423350892915669e-01 3.202597105460244231e-01 2.640039989066673698e-01 4.423089083072586636e-01 3.270931108330095705e-01 2.589568712136798290e-01 3.150647592205993996e-01 3.483268398184383718e-01 3.684166753530506710e-01 3.292245946907901288e-01 2.814107129662252738e-01 2.984282937438731409e-01 2.764450543638336533e-01 2.862477901645109624e-01 1.893526280847065424e-01 2.501726171811904376e-01
4.947660502931870985e-01 3.898993862669740684e-01 3.583986799337948170e-01 3.027262594686691566e-01 3.337592649165671554e-01 3.852801383431317395e-01 6.654838731724744827e-01 3.977369415335119118e-01 2.789495014557635266e-01 2.464731838265362684e-01 2.176637865330530164e-01 5.420976481112562695e-01 4.601500628359198597e-01 9.899999999999999911e-01 3.574673408501007899e-01 4.285000571931810720e-01 3.599504578388137421e-01 3.428918747134100942e-01 4.807965274406502676e-01 3.811596039887062970e-01 5.992090756332526524e-01 3.713022597605847297e-01 2.611971433354280947e-01 2.012815788932955652e-01 4.279392402445623134e-01 1.937509247696792281e-01 3.187415802785901198e-01 4.519966257886141592e-01 2.632494711842144897e-01 4.646398104593417733e-01 4.533483587073684484e-01 3.162629909693449592e-01 5.687469630222443673e-01 4.339751755110159426e-01 4.262855943530796110e-01 3.641215575056186982e-01 5.135224538330251942e-01 4.338845239070796556e-01 3.020417227082887179e-01 3.117009745928892017e-01 3.208243647773579843e-01 3.055850063624648283e-01 3.901884339521529688e-01 2.355117281328395484e-01 2.995435392535745756e-01
4.431216129388687031e-01 4.226894948211398217e-01 2.753397126661187855e-01 2.069196004101780673e-01 2.828675983198671862e-01 2.200995683997414853e-01 3.613952357829964823e-01 2.183763015198638135e-01 2.748408020475857083e-01 2.605845161085834083e-01 2.180828444531012489e-01 3.814416216913397717e-01 2.231473467462461169e-01 3.574673408501007899e-01 9.899999999999999911e-01 2.575284601080833347e-01 3.166383227425476621e-01 2.151505210228900067e-01 3.030898097152503468e-01 2.537418541412239104e-01 3.576735302416845785e-01 2.158247126198695465e-01 2.772703805357609186e-01 2.768057685641386323e-01 5.363683034388763149e-01 1.997489206005161333e-01 2.586058744082536665e-01 4.633679031111648250e-01 2.430396866577727022e-01 3.139068420182818953e-01 3.043807441344466014e-01 3.121569928465405264e-01 3.785495222638421975e-01 3.150736941310254835e-01 3.932794099135689669e-01 3.456161650493992932e-01 2.849422130550901544e-01 2.452428430310120699e-01 2.837917474827433839e-01 1.867661381211596916e-01 3.137248681800679506e-01 2.584191031379405312e-01 2.889940692289167945e-01 2.778168917300667951e-01 2.813392909845937595e-01
3.203229398947848861e-01 3.502147806544509967e-01 2.660396746680669389e-01 2.961541691713583391e-01 2.371540229344342998e-01 4.092196532804260878e-01 3.794376551723395163e-01 3.488545304790878765e-01 2.941857546290518322e-01 2.788248458524196227e-01 2.399757870928950210e-01 3.357958014430658666e-01 3.253219759163874514e-01 4.285000571931810720e-01 2.575284601080833347e-01 9.899999999999999911e-01 4.163876869975958739e-01 3.369277878459889797e-01 3.637465494715914627e-01 3.351493468657918418e-01 4.508293764802459025e-01 3.183355735478906601e-01 1.857541361850169603e-01 2.848260109417146690e-01 3.875401951881840557e-01 1.347112723332029027e-01 3.448487881361274043e-01 3.357125750119533958e-01 2.407316974362984641e-01 8.114421890141532145e-01 2.756813424764851250e-01 3.523839871143195079e-01 3.717806861724278211e-01 3.121507729091752559e-01 3.404396051873554430e-01 2.988852013023112209e-01 3.699032965056374689e-01 3.493457711474088345e-01 3.110926096283037623e-01 3.093917562337532012e-01 3.488195171544838935e-01 2.945957120842959687e-01 3.788350097493404789e-01 1.900921018662331263e-01 2.801027772380451086e-01
4.683539802786060857e-01 3.200267050733441310e-01 3.962951687318234661e-01 4.235961717565306373e-01 3.115184345520087827e-01 3.529164122910206647e-01 3.691937027191341536e-01 3.220360713460929669e-01 3.836671786908817383e-01 4.224822914203568702e-01 1.979243113408384325e-01 3.829014824268955897e-01 3.087870906270857585e-01 3.599504578388137421e-01 3.166383227425476621e-01 4.163876869975958739e-01 9.899999999999999911e-01 3.598825006863477505e-01 3.597775031708606575e-01 4.095868123674548666e-01 3.817090756240963945e-01 3.638898839084011572e-01 2.571561351607721257e-01 4.166393402944689184e-01 3.732587765213826736e-01 2.528865431222497295e-01 3.981135441489587756e-01 3.639818221863010406e-01 3.246751698197736236e-01 4.653002434937393295e-01 3.537790820179506079e-01 4.209892622851770794e-01 3.721834822193602621e-01 4.626122079771513018e-01 3.969566834954636469e-01 3.438339882780420131e-01 3.441045828534664563e-01 4.071100058964562396e-01 3.862402371150036595e-01 3.216296706332688049e-01 4.299531499780359090e-01 2.853571772940973750e-01 3.390088314834185934e-01 3.251235923418922535e-01 3.438886793199497083e-01
2.973360738375649404e-01 3.169935327764079602e-01 4.645713782621381793e-01 4.013926632630678837e-01 4.294999200385276050e-01 3.612762642709160810e-01 3.540247438681337622e-01 3.540658410928412270e-01 3.948656953149921600e-01 2.473702194888727224e-01 2.508507454526355263e-01 3.099591782811439433e-01 3.737644784375635520e-01 3.428918747134100942e-01 2.151505210228900067e-01 3.369277878459889797e-01 3.598825006863477505e-01 9.899999999999999911e-01 3.210948109585530230e-01 2.731346077379871451e-01 2.627766524475845800e-01 4.034704716568003335e-01 5.391276100989973452e-01 4.093305335580957882e-01 2.929853631562249205e-01 2.327121572026816243e-01 4.049575699522959260e-01 2.767324881523583469e-01 3.641133247549195318e-01 3.359481652113553984e-01 3.111566497886428806e-01 3.023494867399726949e-01 3.835333848960477132e-01 4.125145963681036143e-01 2.987160862842192510e-01 3.774391606639984631e-01 2.850384658738414068e-01 3.442808781294820486e-01 4.557172434244115555e-01 6.250469210104648843e-01 3.580614442297157529e-01 2.908764263399392647e-01 3.072750842327177656e-01 2.798963832149894415e-01 3.666174982481818501e-01
4.345322858223676366e-01 3.842295608467931611e-01 4.360677815082386055e-01 3.442780214334671962e-01 3.575636613433088584e-01 2.837942872713888343e-01 4.929634072417103940e-01 3.277677711364236912e-01 2.299466224017207572e-01 2.744138542105551970e-01 1.316096459260218399e-01 5.195637411238098746e-01 3.197791161401256632e-01 4.807965274406502676e-01 3.030898097152503468e-01 3.637465494715914627e-01 3.597775031708606575e-01 3.210948109585530230e-01 9.899999999999999911e-01 4.111606965800764790e-01 5.014500373851209503e-01 3.292787831822742151e-01 2.831061470870689933e-01 2.029398003011542162e-01 4.299613001274532609e-01 1.065196367009557527e-01 2.712062292899795057e-01 4.313055571633390151e-01 3.345098084830815943e-01 4.059105396536165644e-01 4.183434669706617148e-01 2.873492742758199103e-01 5.925132987335730572e-01 3.474175314467228270e-01 4.949213638930987091e-01 3.779906552709478285e-01 6.925880027124069471e-01 4.083613877291675243e-01 3.688671736445165994e-01 3.209302420936124278e-01 3.630042120273321293e-01 3.252327163623147666e-01 2.569051475160421538e-01 1.870551229305203733e-01 2.076268672867071785e-01
4.082770433058947601e-01 3.857931516254876625e-01 3.810624978674998498e-01 3.728220895045752936e-01 4.367529818061878233e-01 2.980900615326453895e-01 5.006568288138534273e-01 4.217925699409169615e-01 2.975050488896768819e-01 3.063725075198445724e-01 1.910373132328267998e-01 3.441142218421920362e-01 3.493095134161166015e-01 3.811596039887062970e-01 2.537418541412239104e-01 3.351493468657918418e-01 4.095868123674548666e-01 2.731346077379871451e-01 4.111606965800764790e-01 9.899999999999999911e-01 4.017877525045917553e-01 3.680991396925881176e-01 3.148169262871365892e-01 3.295149064331119870e-01 3.490227366675467957e-01 1.828930224823436257e-01 3.706496885248148909e-01 4.037888840295128512e-01 3.556528289252421926e-01 3.400636946321134446e-01 3.799706605270722903e-01 3.222327525573991380e-01 3.355657682270095643e-01 4.204021177807188980e-01 3.719895466342420520e-01 3.584815543230226442e-01 3.990398135878163166e-01 6.728946790590069060e-01 3.182105328984757842e-01 2.756123487488350010e-01 3.458795562933734136e-01 2.956703776590374200e-01 2.923989497208991373e-01 3.524698924209758166e-01 3.232705923894143574e-01
4.295718382310545480e-01 4.366398814953947327e-01 3.157661719719456195e-01 3.736548070231495711e-01 3.497178703375706244e-01 4.276987433074879164e-01 4.784309382291879187e-01 3.708598928298368347e-01 3.002103606263060165e-01 2.838913635998516205e-01 2.038538357228037445e-01 5.164577110113829361e-01 2.884118542999388746e-01 5.992090756332526524e-01 3.576735302416845785e-01 4.508293764802459025e-01 3.817090756240963945e-01 2.627766524475845800e-01 5.014500373851209503e-01 4.017877525045917553e-01 9.899999999999999911e-01 3.630697702910528069e-01 2.527883733503848429e-01 2.683927527124024826e-01 4.872290151440933359e-01 1.889971179452275274e-01 3.728369567374826277e-01 3.939621086403910510e-01 2.288245286662446421e-01 4.382109427098554999e-01 3.739520428171173583e-01 3.749897277325126010e-01 4.907538284972149389e-01 3.513388914637299854e-01 4.505667588742831020e-01 2.799339138843626729e-01 5.329027831151402772e-01 3.362848861975157311e-01 3.084633782100050237e-01 2.868799829009264779e-01 3.360376052502511146e-01 4.199869811804600728e-01 4.508850428858768300e-01 2.552988889879359569e-01 3.062882938152814982e-01
3.916344203224831344e-01 3.532088941686940542e-01 3.900527760597015670e-01 3.422579196361530962e-01 3.375199906741020439e-01 3.335333887970115541e-01 3.469183523480226516e-01 4.150288124408881285e-01 3.752780934414434721e-01 2.801064317292382144e-01 1.700920840176611271e-01 3.345796050326280136e-01 3.596911470997160576e-01 3.713022597605847297e-01 2.158247126198695465e-01 3.183355735478906601e-01 3.638898839084011572e-01 4.034704716568003335e-01 3.292787831822742151e-01 3.680991396925881176e-01 3.630697702910528069e-01 9.899999999999999911e-01 4.420883871187987202e-01 3.739684839743633304e-01 3.780549096556460320e-01 1.969668705692455557e-01 4.228154446138829292e-01 2.895848914660820728e-01 3.816629407381506578e-01 3.473733660433919734e-01 3.721186615819703780e-01 3.276352678484165115e-01 4.041831552496336633e-01 3.969330180754724879e-01 3.517448776199865734e-01 3.478094565647389391e-01 3.765640640531117134e-01 4.255255118057207353e-01 4.385405704094029744e-01 4.578071528935753198e-01 4.617890086512795866e-01 2.860259401386139322e-01 3.442948550896313686e-01 2.798612409452995720e-01 3.174285884813909941e-01
2.873028452300623314e-01 3.014472655590664796e-01 4.546775469606642028e-01 3.918705927677720302e-01 4.830452217670548887e-01 2.568576456960410259e-01 2.955170098242609900e-01 3.369953077932422714e-01 3.732207502774062546e-01 2.609644453278665011e-01 2.118343256717609702e-01 2.098179557710368459e-01 2.532885133677421630e-01 2.611971433354280947e-01 2.772703805357609186e-01 1.857541361850169603e-01 2.571561351607721257e-01 5.391276100989973452e-01 2.831061470870689933e-01 3.148169262871365892e-01 2.527883733503848429e-01 4.420883871187987202e-01 9.899999999999999911e-01 3.536014238099497442e-01 2.613676503460643508e-01 2.026026305116985227e-01 3.181575604908981614e-01 3.191719386810230041e-01 3.708424237451810046e-01 2.322096011778457259e-01 2.183196716680440574e-01 3.086690985424928035e-01 3.294782154091938642e-01 3.135139921649058303e-01 3.926349167666573492e-01 2.657507125208095622e-01 2.455472134690029340e-01 2.734615446213596868e-01 4.776142949593797926e-01 5.935039333357748914e-01 2.668097719542198432e-01 2.644436965141389040e-01 2.621511309967319847e-01 3.397182340519301347e-01 2.747762163677104907e-01
2.449366413419592492e-01 2.509730708303757329e-01 2.799834342888958272e-01 3.147016840263112680e-01 3.329232951920013672e-01 2.868844225428482941e-01 3.042798036813438856e-01 4.031222298710467888e-01 4.330967635962542084e-01 2.728974311191302293e-01 2.755221297281514881e-01 2.444548271421609353e-01 1.335177796801471084e-01 2.012815788932955652e-01 2.768057685641386323e-01 2.848260109417146690e-01 4.166393402944689184e-01 4.093305335580957882e-01 2.029398003011542162e-01 3.295149064331119870e-01 2.683927527124024826e-01 3.739684839743633304e-01 3.536014238099497442e-01 9.899999999999999911e-01 3.270704111449737050e-01 2.459600667742501412e-01 5.555971221050528541e-01 3.060071341637993214e-01 3.344206550782758969e-01 3.104960187780930747e-01 3.160702484691732539e-01 3.494272500087871602e-01 2.216553930570632769e-01 4.457282549210582201e-01 3.547053269080494009e-01 2.576725683145911772e-01 2.954841388506694311e-01 2.935013899811804716e-01 3.107127975408227050e-01 4.208041255049087548e-01 3.578274220681634255e-01 3.116324252666827221e-01 2.638839324518438278e-01 3.409704257496345425e-01 4.075616670225279403e-01
4.374027409944215572e-01 2.643398869804972073e-01 2.701428371299757769e-01 2.860596662129228918e-01 2.755662194821820177e-01 2.354358339013854495e-01 4.679112684727514959e-01 2.977500530847481119e-01 3.131505579379035842e-01 3.441345574650129246e-01 1.878528832383322134e-01 4.671305140946421242e-01 2.718669754468475142e-01 4.279392402445623134e-01 5.363683034388763149e-01 3.875401951881840557e-01 3.732587765213826736e-01 2.929853631562249205e-01 4.299613001274532609e-01 3.490227366675467957e-01 4.872290151440933359e-01 3.780549096556460320e-01 2.613676503460643508e-01 3.270704111449737050e-01 9.899999999999999911e-01 2.027024342811195590e-01 3.570667488002544077e-01 5.460466325335255888e-01 2.054683909537160513e-01 4.128665725754946392e-01 3.652279033080531034e-01 3.476783504945988312e-01 4.395825213665834341e-01 4.054081739581047450e-01 5.045154283224687619e-01 3.459222524291437617e-01 4.812390610127310620e-01 3.575379037909693913e-01 3.453056589412788480e-01 2.757489400599674179e-01 3.988087445996922886e-01 2.737962418569590550e-01 3.949743595460327161e-01 2.566434967222759322e-01 3.199589524961276021e-01
2.188692825825405142e-01 1.940040919474051440e-01 1.886093554357601842e-01 2.376982186362240346e-01 3.131202926364040628e-01 2.055389814569574813e-01 2.258567322625068541e-01 1.915618268115720224e-01 3.353459698733157746e-01 2.528980475544183038e-01 3.409890877635058937e-01 1.867376961074585784e-01 2.061971571015370208e-01 1.937509247696792281e-01 1.997489206005161333e-01 1.347112723332029027e-01 2.528865431222497295e-01 2.327121572026816243e-01 1.065196367009557527e-01 1.828930224823436257e-01 1.889971179452275274e-01 1.969668705692455557e-01 2.026026305116985227e-01 2.459600667742501412e-01 2.027024342811195590e-01 9.899999999999999911e-01 2.915142162974928564e-01 2.796067982461446499e-01 2.292803572873690632e-01 1.982067114798227447e-01 2.681591819041608815e-01 2.517678868721310859e-01 1.843503944384196347e-01 1.915146808483847995e-01 2.406207620556930216e-01 1.847431884102280208e-01 1.179123172127333197e-01 1.350398324797891791e-01 1.448141739814585160e-01 2.016021619728028402e-01 1.487977792649465003e-01 2.783385538158694716e-01 1.601617875126800650e-01 2.870850834023862541e-01 3.731961116358655239e-01
3.670434665963335785e-01 3.256316706248931769e-01 3.865412056818963160e-01 3.340245429522614162e-01 4.081887406656641293e-01 4.068841675790367818e-01 3.809117250832946278e-01 4.661210243084633609e-01 4.686441870379526309e-01 3.507767476953324026e-01 3.317106581540572585e-01 3.728164624945222161e-01 2.993557215224821322e-01 3.187415802785901198e-01 2.586058744082536665e-01 3.448487881361274043e-01 3.981135441489587756e-01 4.049575699522959260e-01 2.712062292899795057e-01 3.706496885248148909e-01 3.728369567374826277e-01 4.228154446138829292e-01 3.181575604908981614e-01 5.555971221050528541e-01 3.570667488002544077e-01 2.915142162974928564e-01 9.899999999999999911e-01 3.625773976448802838e-01 3.978484030738294042e-01 4.281182287743940384e-01 3.864005291572258916e-01 3.856706616283370748e-01 3.193049913335302969e-01 4.735908050593892193e-01 3.622204450602281023e-01 3.726601904042637914e-01 2.628198380099276976e-01 3.601770647097261024e-01 3.816060646782784005e-01 3.665466887936826845e-01 4.523352682820017123e-01 2.574546193320071952e-01 3.238207051684034443e-01 3.957790085448651407e-01 5.383347333950276870e-01
4.761334308166169649e-01 2.584917990875060800e-01 3.148669524763246796e-01 3.557163636169672349e-01 4.225928420398778473e-01 2.826637091862223006e-01 4.883245524927410930e-01 3.247212729921495900e-01 3.490315157285742154e-01 2.771144080461714898e-01 2.805662399826172049e-01 3.883887832710493093e-01 3.078224263114687775e-01 4.519966257886141592e-01 4.633679031111648250e-01 3.357125750119533958e-01 3.639818221863010406e-01 2.767324881523583469e-01 4.313055571633390151e-01 4.037888840295128512e-01 3.939621086403910510e-01 2.895848914660820728e-01 3.191719386810230041e-01 3.060071341637993214e-01 5.460466325335255888e-01 2.796067982461446499e-01 3.625773976448802838e-01 9.899999999999999911e-01 3.550721855448059627e-01 4.492231673765791911e-01 4.839110126921735144e-01 3.389805253390097417e-01 5.367018735498907400e-01 3.794960555728605356e-01 4.933723900083955005e-01 3.041890675938996313e-01 4.183390090016975149e-01 3.906354679755510428e-01 3.541045734343962748e-01 2.449011417395675905e-01 3.255385373856883868e-01 2.946893825167171133e-01 3.466795642587653381e-01 3.548988517029739720e-01 3.421077255037825449e-01
3.030758094532243763e-01 2.774744895804713285e-01 4.087168689873780236e-01 5.281217679032667034e-01 4.465613955031201288e-01 2.407858647191842838e-01 3.131191618368900920e-01 3.886338754108856208e-01 2.538526746774768528e-01 2.318062363862920527e-01 1.556853145895479296e-01 2.399043219465109289e-01 2.749194629604524431e-01 2.632494711842144897e-01 2.430396866577727022e-01 2.407316974362984641e-01 3.246751698197736236e-01 3.641133247549195318e-01 3.345098084830815943e-01 3.556528289252421926e-01 2.288245286662446421e-01 3.816629407381506578e-01 3.708424237451810046e-01 3.344206550782758969e-01 2.054683909537160513e-01 2.292803572873690632e-01 3.978484030738294042e-01 3.550721855448059627e-01 9.899999999999999911e-01 3.136321252926507763e-01 3.946989508907287059e-01 2.283710036293840895e-01 2.665486436095316214e-01 3.823581860376745745e-01 3.332516229421560450e-01 3.290591469149817816e-01 3.442157749386262067e-01 3.867192526210295744e-01 3.723198382836351850e-01 3.545669043501233353e-01 2.314705044075004992e-01 2.294538567706580767e-01 2.256111088031163003e-01 3.064126705413970364e-01 2.516301135737882833e-01
3.836508166433708622e-01 3.407556531543322054e-01 3.002109382858224595e-01 3.222515569869199292e-01 2.886402947759378890e-01 3.714040485879960274e-01 4.414856701499001446e-01 3.625307184089971990e-01 3.422539163517789307e-01 2.721110547493570397e-01 2.744024103530446901e-01 3.788503207875382195e-01 3.368423350892915669e-01 4.646398104593417733e-01 3.139068420182818953e-01 8.114421890141532145e-01 4.653002434937393295e-01 3.359481652113553984e-01 4.059105396536165644e-01 3.400636946321134446e-01 4.382109427098554999e-01 3.473733660433919734e-01 2.322096011778457259e-01 3.104960187780930747e-01 4.128665725754946392e-01 1.982067114798227447e-01 4.281182287743940384e-01 4.492231673765791911e-01 3.136321252926507763e-01 9.899999999999999911e-01 3.482980036548993796e-01 3.442344788820316248e-01 4.134684495313827313e-01 3.871410707219518077e-01 3.634781806340904309e-01 3.112840233407528912e-01 3.961368450931201934e-01 3.542219894213725073e-01 3.474528703548339092e-01 3.225078557880447505e-01 3.941557821022912966e-01 2.619097178903045942e-01 3.679174353479066628e-01 2.344798197518928595e-01 3.207444192955987150e-01
4.123730886875912605e-01 3.079388064343295817e-01 3.007314329834942512e-01 3.038839843629150272e-01 2.570172227087580419e-01 3.457498758627218782e-01 4.844896058848232601e-01 3.513116949588905857e-01 3.837003902470003669e-01 2.828295665441271090e-01 3.803736453958244668e-01 4.121827663609958226e-01 3.202597105460244231e-01 4.533483587073684484e-01 3.043807441344466014e-01 2.756813424764851250e-01 3.537790820179506079e-01 3.111566497886428806e-01 4.183434669706617148e-01 3.799706605270722903e-01 3.739520428171173583e-01 3.721186615819703780e-01 2.183196716680440574e-01 3.160702484691732539e-01 3.652279033080531034e-01 2.681591819041608815e-01 3.864005291572258916e-01 4.839110126921735144e-01 3.946989508907287059e-01 3.482980036548993796e-01 9.899999999999999911e-01 2.439680771062882614e-01 4.727744638911824948e-01 3.599762789152050613e-01 3.488450085145750612e-01 3.145761443675170188e-01 4.380100668323333446e-01 3.649908833889968784e-01 2.806673196579068663e-01 2.527074681284601776e-01 3.043545315584927913e-01 2.050507721489708557e-01 2.450178807365244182e-01 2.425365625232170919e-01 3.964762065001146696e-01
3.703734547384296971e-01 3.733858990694426394e-01 2.837656024431161050e-01 2.967085691535445435e-01 3.413994637020600909e-01 3.032783910593636056e-01 3.428368269174419947e-01 3.214229067899826431e-01 2.893738122256049872e-01 2.413740594467875256e-01 2.775999132108591394e-01 3.157740795757773000e-01 2.640039989066673698e-01 3.162629909693449592e-01 3.121569928465405264e-01 3.523839871143195079e-01 4.209892622851770794e-01 3.023494867399726949e-01 2.873492742758199103e-01 3.222327525573991380e-01 3.749897277325126010e-01 3.276352678484165115e-01 3.086690985424928035e-01 3.494272500087871602e-01 3.476783504945988312e-01 2.517678868721310859e-01 3.856706616283370748e-01 3.389805253390097417e-01 2.283710036293840895e-01 3.442344788820316248e-01 2.439680771062882614e-01 9.899999999999999911e-01 3.236777426689699810e-01 3.241195199341887490e-01 3.818544365684978792e-01 3.106700080419029231e-01 2.958796109408418085e-01 3.288653664114257191e-01 2.760062503349727248e-01 3.240507449277553187e-01 3.577375472030449588e-01 3.335999609250061004e-01 3.140145171647749089e-01 2.770277010083521119e-01 4.520490089038956549e-01
4.825877695298659287e-01 3.241387290900146767e-01 3.248644221899421591e-01 3.146185113110780973e-01 3.916325258788753150e-01 2.624870102320421283e-01 4.904220318431249392e-01 3.473991403343010265e-01 2.605183946670735495e-01 2.566408695808553575e-01 1.623774826890923562e-01 5.430362454094821434e-01 4.423089083072586636e-01 5.687469630222443673e-01 3.785495222638421975e-01 3.717806861724278211e-01 3.721834822193602621e-01 3.835333848960477132e-01 5.925132987335730572e-01 3.355657682270095643e-01 4.907538284972149389e-01 4.041831552496336633e-01 3.294782154091938642e-01 2.216553930570632769e-01 4.395825213665834341e-01 1.843503944384196347e-01 3.193049913335302969e-01 5.367018735498907400e-01 2.665486436095316214e-01 4.134684495313827313e-01 4.727744638911824948e-01 3.236777426689699810e-01 9.899999999999999911e-01 4.292820187752296457e-01 5.277619159308943875e-01 3.613587067448319479e-01 6.358829627145579089e-01 4.102518289589159872e-01 4.018349644839795953e-01 3.269549709843824203e-01 2.832961367795729934e-01 3.103639675092841888e-01 3.181533766791229123e-01 2.009461826244982319e-01 2.760219776057480923e-01
3.798829132183630941e-01 3.120415878813742605e-01 4.104506820470100736e-01 3.757906080847066010e-01 3.688479933067372873e-01 3.157769935862440036e-01 4.319579206853985109e-01 5.298468406996128532e-01 3.800710948559211655e-01 3.223307980334302325e-01 2.196267315663744113e-01 3.444625473066562638e-01 3.270931108330095705e-01 4.339751755110159426e-01 3.150736941310254835e-01 3.121507729091752559e-01 4.626122079771513018e-01 4.125145963681036143e-01 3.474175314467228270e-01 4.204021177807188980e-01 3.513388914637299854e-01 3.969330180754724879e-01 3.135139921649058303e-01 4.457282549210582201e-01 4.054081739581047450e-01 1.915146808483847995e-01 4.735908050593892193e-01 3.794960555728605356e-01 3.823581860376745745e-01 3.871410707219518077e-01 3.599762789152050613e-01 3.241195199341887490e-01 4.292820187752296457e-01 9.899999999999999911e-01 3.861515248683229373e-01 3.974845698570508290e-01 3.540493637175393671e-01 4.692401666506318403e-01 4.132853977132239787e-01 3.922968315969874720e-01 3.743760981827448653e-01 2.432042261211669332e-01 3.165369800510762777e-01 3.950506554143258242e-01 3.812554054597795394e-01
5.366194558599222120e-01 3.189210257692338679e-01 3.485503235973292924e-01 3.866844137315827989e-01 3.804844552107091715e-01 2.583819081279861152e-01 4.574155634187608843e-01 3.082236287794370977e-01 3.623138240572811863e-01 2.697189672325958631e-01 1.584436702965053567e-01 4.547351115415736444e-01 2.589568712136798290e-01 4.262855943530796110e-01 3.932794099135689669e-01 3.404396051873554430e-01 3.969566834954636469e-01 2.987160862842192510e-01 4.949213638930987091e-01 3.719895466342420520e-01 4.505667588742831020e-01 3.517448776199865734e-01 3.926349167666573492e-01 3.547053269080494009e-01 5.045154283224687619e-01 2.406207620556930216e-01 3.622204450602281023e-01 4.933723900083955005e-01 3.332516229421560450e-01 3.634781806340904309e-01 3.488450085145750612e-01 3.818544365684978792e-01 5.277619159308943875e-01 3.861515248683229373e-01 9.899999999999999911e-01 2.961263445164728503e-01 4.429622569247920194e-01 3.615143389950382646e-01 3.930011061768654002e-01 3.310448986126924287e-01 3.410294976394587785e-01 3.810530878103802754e-01 2.786146927272998286e-01 2.759185998187547728e-01 3.386213718922886362e-01
