0.000000000000000000e+00 2.765617875056999297e-01 3.039215686274509554e-01 3.888964888280893595e-01 4.780171758625931244e-01 4.527188782489739993e-01 4.480164158686730236e-01 3.759005927952576154e-01 5.292977656178750046e-01 4.269721842225262520e-01 8.247834017327861922e-01 4.707307341541267509e-01 4.782261741906064234e-01 4.582193342453260154e-01 6.399257377369551580e-01 4.278005775953792056e-01 4.638812889496883862e-01 4.611453108375132004e-01 4.435134518923848912e-01 3.959188326493388033e-01 5.026675786593706174e-01 3.413987688098495399e-01 5.887672898616811423e-01 7.100718194254445059e-01 6.605107159142726836e-01 7.312878639828024330e-01 4.233166134670922620e-01 6.032831737346101564e-01 4.945280437756497949e-01 4.305745554035567690e-01 3.867077063383492774e-01 5.583960328317374433e-01 5.373632010943912851e-01 4.369775041799665583e-01 5.140381734088984578e-01 4.653727770177837897e-01 3.663474692202461913e-01 2.539215686274509665e-01 5.715686274509803599e-01 5.522343821249430240e-01 4.659427724578203422e-01 6.503159403296202568e-01 5.307113543091654950e-01 6.077291381668946668e-01 5.074669402644779170e-01
2.765617875056999297e-01 0.000000000000000000e+00 1.464888280893752726e-01 4.012539899680802047e-01 4.051337589299285891e-01 4.052952576379388328e-01 2.930631554947560335e-01 3.622207022343820748e-01 5.334473324213406809e-01 5.254217966256270467e-01 7.528927268581852017e-01 4.587893296853624570e-01 4.637197902416780870e-01 4.394949840401276564e-01 6.491596638655462437e-01 4.347735218118254363e-01 4.255775953792369504e-01 4.604233166134670263e-01 1.669516643866849059e-01 2.409655722754217855e-01 4.868217054263565546e-01 4.422594619243045977e-01 5.253077975376196918e-01 6.703431372549020217e-01 6.721671226630187013e-01 7.021040974529346723e-01 4.402644778841768303e-01 5.999202006383949071e-01 4.420314637482900544e-01 4.441594467244261435e-01 3.395348837209302140e-01 5.118274053807569945e-01 5.228568171454628377e-01 4.393144854841160574e-01 4.413556120122467674e-01 4.340230278157773958e-01 3.430232558139534871e-01 2.371409028727770318e-01 5.450980392156863363e-01 4.554035567715458699e-01 4.419459644322845104e-01 5.790827959090611987e-01 5.474692202462380086e-01 6.162648198814408840e-01 6.010411916704666568e-01
3.039215686274509554e-01 1.464888280893752726e-01 0.000000000000000000e+00 4.100775193798449902e-01 4.863961088311293257e-01 4.189466484268125623e-01 4.395519835841312783e-01 3.731418148654810363e-01 5.373461012311901985e-01 5.473096215230277561e-01 8.088662790697674909e-01 4.724407204742361865e-01 4.769151846785225635e-01 4.526903784769721883e-01 5.888867174776887259e-01 4.327975376196990243e-01 4.236016111871105383e-01 4.605753153974767589e-01 3.134404924760602063e-01 3.874544003647970580e-01 5.016187870497035295e-01 4.518353853169174705e-01 5.049019607843137081e-01 7.050273597811218540e-01 6.817430460556315186e-01 7.142368575337112446e-01 4.382884936920503627e-01 5.998822009423924184e-01 4.767156862745098311e-01 4.421834625322997314e-01 3.627222982216141700e-01 5.611177610579115571e-01 5.360522115823073142e-01 4.160586715306277550e-01 5.053253859683407567e-01 2.875341997264021510e-01 3.707706338349293085e-01 3.543319653442772443e-01 5.581623347013223713e-01 4.758777929776561999e-01 4.515218878248973278e-01 6.430525698651552435e-01 5.576379388964888273e-01 5.580967852257181505e-01 6.013261893904848776e-01
3.888964888280893595e-01 4.012539899680802047e-01 4.100775193798449902e-01 0.000000000000000000e+00 4.389154886760905927e-01 5.537847697218422072e-01 5.401504787961696197e-01 5.533515731874144583e-01 5.023255813953488857e-01 4.696534427724577965e-01 7.154155266757866727e-01 5.705198358413132720e-01 5.596215230278157593e-01 5.487916096671225930e-01 6.081851345189238645e-01 4.225566195470435993e-01 4.198966408268733352e-01 3.463102295181638701e-01 5.291381668946647521e-01 4.984724122207022101e-01 4.482444140446876224e-01 5.092567259461924234e-01 5.343137254901960675e-01 5.119243046055631519e-01 4.645006839945280963e-01 6.743534623151585805e-01 4.216826265389876927e-01 5.380376956984344039e-01 5.821705426356589275e-01 4.007067943456452119e-01 5.392156862745097756e-01 5.277445280437756958e-01 5.793661650706793953e-01 4.348495212038303581e-01 4.637482900136798980e-01 5.303237574099407547e-01 5.422252621979024578e-01 5.084587323301412720e-01 4.199498404012767527e-01 4.959416324669401743e-01 5.344049247606019737e-01 5.367565630903524676e-01 3.599863201094390952e-01 5.059849521203830802e-01 5.282337741298069878e-01
4.780171758625931244e-01 4.051337589299285891e-01 4.863961088311293257e-01 4.389154886760905927e-01 0.000000000000000000e+00 5.148008815929472348e-01 4.209986320109439517e-01 5.809013527891776496e-01 5.287847697218422960e-01 5.540545675634594991e-01 5.917550159598723436e-01 5.082839337285300907e-01 5.115709074327404737e-01 5.895462836297309384e-01 5.245912318415737463e-01 5.045409636722905100e-01 5.460936312509500068e-01 4.588273293813649456e-01 5.077329381364948935e-01 4.893980848153214325e-01 5.074289405684754284e-01 5.845683234534123640e-01 4.615823073415412092e-01 5.283667730658155870e-01 4.909750721994223799e-01 6.571558856100578883e-01 5.080749354005167362e-01 3.991108071135430202e-01 6.048411612707097484e-01 4.604423164614683261e-01 6.197370421036630939e-01 4.095132238942087999e-01 5.347697218422252652e-01 5.222868217054262852e-01 3.792912513842745525e-01 5.775193798449612670e-01 5.759043927648579420e-01 4.865481076151390583e-01 5.579115367077063237e-01 5.308557531539747076e-01 5.387406900744794447e-01 4.377564979480164098e-01 5.267137862897096623e-01 5.034342225262197212e-01 4.369965040279677471e-01
4.527188782489739993e-01 4.052952576379388328e-01 4.189466484268125623e-01 5.537847697218422072e-01 5.148008815929472348e-01 0.000000000000000000e+00 3.123955008359932672e-01 1.964432284541723361e-01 3.216142270861833130e-01 4.082763337893297040e-01 7.288531691746467089e-01 2.967111263109895036e-01 6.087551299589603060e-01 5.450676394588843676e-01 6.033320304866132133e-01 3.374373005015959825e-01 4.001937984496123923e-01 4.479404164766682128e-01 3.904753761969903536e-01 4.959340325277397099e-01 3.746010031919744798e-01 3.900193798449612115e-01 5.072579419364645625e-01 6.707421340629274864e-01 6.370554035567714823e-01 7.351312618070483529e-01 3.712380300957592305e-01 5.885202918376652992e-01 4.780741754065966909e-01 4.247606019151846102e-01 3.385088919288645748e-01 5.671882124943000703e-01 6.230050159598722326e-01 4.410244718042255485e-01 4.877695264152172028e-01 4.274395804833561185e-01 3.472640218878249030e-01 3.212722298221614148e-01 5.498632010943913517e-01 5.170086639306885612e-01 5.719334245326036514e-01 5.544427073154842844e-01 5.345873233014135639e-01 6.284342225262198323e-01 5.940112479100166931e-01
4.480164158686730236e-01 2.930631554947560335e-01 4.395519835841312783e-01 5.401504787961696197e-01 4.209986320109439517e-01 3.123955008359932672e-01 0.000000000000000000e+00 3.072275421796625272e-01 3.966484268125854973e-01 4.174646602827177810e-01 6.822132922936616772e-01 4.436844505243957570e-01 5.981532147742818495e-01 5.867533059735522416e-01 6.429385707771481107e-01 4.046587627298981471e-01 4.407014743882047836e-01 4.393904848761209792e-01 2.782432740538075544e-01 1.835385316917464704e-01 5.196762425900592897e-01 3.982273141814865469e-01 4.142916856665146419e-01 5.574270405836753151e-01 6.351744186046511809e-01 7.802423294899354378e-01 4.176546587627298912e-01 5.905912752697978219e-01 5.628134974920201428e-01 4.120877032983735755e-01 3.862517099863201353e-01 5.059707022343821192e-01 6.124031007751938871e-01 4.300045599635202165e-01 4.387010618200768985e-01 4.234781121751025612e-01 3.313725490196078316e-01 2.163930688554491222e-01 5.469448244414044646e-01 5.373689010487916473e-01 5.694254445964431754e-01 5.154387336329880887e-01 5.221842225262197656e-01 6.871437528499771963e-01 5.881402948776409678e-01
3.759005927952576154e-01 3.622207022343820748e-01 3.731418148654810363e-01 5.533515731874144583e-01 5.809013527891776496e-01 1.964432284541723361e-01 3.072275421796625272e-01 0.000000000000000000e+00 5.077519379844961378e-01 5.219106247150022693e-01 7.921511627906976383e-01 2.090971272229821820e-01 3.369813041495667849e-01 3.435476516187870866e-01 6.567324604260308396e-01 4.329115367077062682e-01 4.311635506915944549e-01 4.387444900440796158e-01 3.253077975376196807e-01 3.059507523939807849e-01 3.920200638394892856e-01 3.280665754673962597e-01 5.041609667122662897e-01 5.293433652530780131e-01 4.991108071135430535e-01 7.890202592664972148e-01 3.372853017175862500e-01 5.766073871409028717e-01 3.585043319653442029e-01 4.060077519379844957e-01 3.771773825809393021e-01 5.627849977200182208e-01 3.521659826721386111e-01 4.414614683082535573e-01 4.802781577747378128e-01 3.169402644778841482e-01 2.732330141358868536e-01 2.503875968992247403e-01 5.352485180118560226e-01 5.093023255813953210e-01 3.316233470132238237e-01 6.214415998957723009e-01 5.053351573187414569e-01 6.251709986320109769e-01 5.830103359173125499e-01
5.292977656178750046e-01 5.334473324213406809e-01 5.373461012311901985e-01 5.023255813953488857e-01 5.287847697218422960e-01 3.216142270861833130e-01 3.966484268125854973e-01 5.077519379844961378e-01 0.000000000000000000e+00 2.099863201094391008e-01 6.809878020975832502e-01 5.363657090743274569e-01 5.249430004559962892e-01 5.247150022799818014e-01 5.092176405445899556e-01 3.937718498252014143e-01 2.590439276485788089e-01 3.969068247454020093e-01 5.215914272685818753e-01 4.863429092567259637e-01 4.472412220702234320e-01 4.759917920656634993e-01 4.304225566195470365e-01 4.771773825809392799e-01 4.488600091199270170e-01 5.062699498404013010e-01 3.771659826721385778e-01 4.506953944368445319e-01 4.698130414956680490e-01 3.941138470892233125e-01 5.290469676242588459e-01 5.254360465116278966e-01 5.334929320565435784e-01 3.780779753761969730e-01 4.554100710051462442e-01 5.297537619699042022e-01 5.183082535339716967e-01 5.026903784769721772e-01 5.078431372549019329e-01 4.494984040127679714e-01 5.142042863657090290e-01 5.161715849130350531e-01 4.709530323757410430e-01 6.476288189694483499e-01 5.066499468004256324e-01
4.269721842225262520e-01 5.254217966256270467e-01 5.473096215230277561e-01 4.696534427724577965e-01 5.540545675634594991e-01 4.082763337893297040e-01 4.174646602827177810e-01 5.219106247150022693e-01 2.099863201094391008e-01 0.000000000000000000e+00 6.723096215230278672e-01 5.505243958048335884e-01 5.209758321933424252e-01 5.292521659826722180e-01 5.190215621132173718e-01 3.502431980544155610e-01 1.991374069007447734e-01 4.190606475148198062e-01 5.135658914728681301e-01 5.275877792977656799e-01 4.662562699498403740e-01 5.042407660738714714e-01 4.261855905152758806e-01 4.797537619699041578e-01 4.889420884632922903e-01 6.543547651618786265e-01 3.918148654810760800e-01 5.349217206262349977e-01 5.463748290013679121e-01 3.505851953184374037e-01 4.585955312357500868e-01 5.232415640674874524e-01 5.295257637938897144e-01 4.015237878096975521e-01 4.644648557097257324e-01 5.457592339261285730e-01 5.522799817601459216e-01 5.119471044231646006e-01 4.918376652986776176e-01 4.462380300957592416e-01 5.424532603739169456e-01 6.075825679108852739e-01 4.979936160510716192e-01 6.486690606475148391e-01 4.437414500683994345e-01
8.247834017327861922e-01 7.528927268581852017e-01 8.088662790697674909e-01 7.154155266757866727e-01 5.917550159598723436e-01 7.288531691746467089e-01 6.822132922936616772e-01 7.921511627906976383e-01 6.809878020975832502e-01 6.723096215230278672e-01 0.000000000000000000e+00 7.909541723666210222e-01 8.095930232558139483e-01 8.092937756497947666e-01 6.306999544003646374e-01 6.847212722298220422e-01 6.810020519835841002e-01 7.566546967624259157e-01 7.336981304149566840e-01 7.451407888736890639e-01 7.437015503875968880e-01 7.975946192430460879e-01 6.062471500227997190e-01 6.373261513907888531e-01 7.385715914272684701e-01 6.255414956680346306e-01 6.345189238486091954e-01 6.296169630642953763e-01 7.527502279981760358e-01 6.134433424532603762e-01 7.342111263109895036e-01 6.343621751025991795e-01 7.507267441860465684e-01 6.946961924304605462e-01 5.374772001823985290e-01 7.872777017783857412e-01 7.452120383036935358e-01 7.433168034655722733e-01 6.299874601003191410e-01 7.414215686274510109e-01 7.661593707250341501e-01 5.244385544915640684e-01 7.464375284997719628e-01 5.041609667122662897e-01 6.903642270861832797e-01
4.707307341541267509e-01 4.587893296853624570e-01 4.724407204742361865e-01 5.705198358413132720e-01 5.082839337285300907e-01 2.967111263109895036e-01 4.436844505243957570e-01 2.090971272229821820e-01 5.363657090743274569e-01 5.505243958048335884e-01 7.909541723666210222e-01 0.000000000000000000e+00 1.598552211582307259e-01 2.905266757865936911e-01 5.749299719887954740e-01 4.008967928256573221e-01 4.309355525155798561e-01 3.756269949840401190e-01 4.416324669402644787e-01 4.123347013223893631e-01 4.141358869129047049e-01 4.042122663018695716e-01 6.027701778385772258e-01 6.916894664842681006e-01 6.384518923848608862e-01 7.972119080190215312e-01 2.802857577139383216e-01 5.784693722450219289e-01 4.788531691746465979e-01 3.946838425292597541e-01 3.799817601459188343e-01 5.195365937072503604e-01 3.404582763337893336e-01 3.849369205046359599e-01 4.871832453911796867e-01 4.170371637026903389e-01 3.423164614683081863e-01 3.286365709074327013e-01 5.601003191974462947e-01 5.392612859097127842e-01 4.211411308709530066e-01 6.213601719757670949e-01 5.364569083447332520e-01 6.280779753761969175e-01 5.238638090895272326e-01
4.782261741906064234e-01 4.637197902416780870e-01 4.769151846785225635e-01 5.596215230278157593e-01 5.115709074327404737e-01 6.087551299589603060e-01 5.981532147742818495e-01 3.369813041495667849e-01 5.249430004559962892e-01 5.209758321933424252e-01 8.095930232558139483e-01 1.598552211582307259e-01 0.000000000000000000e+00 1.742286061711506295e-01 5.698325841964692051e-01 4.321135430916552278e-01 4.403404772761818076e-01 3.480582155342757389e-01 4.465629274965799977e-01 5.563535491716066206e-01 5.303237574099407547e-01 3.952918376652986843e-01 6.042901656786745512e-01 7.116963064295485086e-01 6.295314637482900544e-01 7.890528304344994748e-01 3.760829913360693166e-01 5.886152910776712988e-01 6.651466788265693042e-01 4.259005927952576598e-01 3.834473324213406031e-01 5.189950980392157298e-01 2.408040735674114308e-01 3.662790697674418450e-01 5.139404599048921218e-01 4.215116279069767158e-01 3.583219334245325571e-01 3.325809393524851165e-01 5.492704058367532394e-01 5.202234382124942824e-01 5.496276029791761220e-01 6.481173864894794745e-01 5.303237574099407547e-01 6.853767669858640277e-01 5.052059583523331732e-01
4.582193342453260154e-01 4.394949840401276564e-01 4.526903784769721883e-01 5.487916096671225930e-01 5.895462836297309384e-01 5.450676394588843676e-01 5.867533059735522416e-01 3.435476516187870866e-01 5.247150022799818014e-01 5.292521659826722180e-01 8.092937756497947666e-01 2.905266757865936911e-01 1.742286061711506295e-01 0.000000000000000000e+00 5.532050029314051764e-01 4.052857577139383216e-01 4.451664386684906494e-01 4.349255205958352799e-01 4.223381212950296781e-01 5.449536403708771237e-01 4.334701322389420963e-01 3.752849977200182208e-01 6.066081471348229170e-01 7.163417692658458069e-01 6.517042863657090956e-01 7.876848413784117708e-01 4.165526675786593302e-01 5.853663170694635154e-01 6.014591883264933658e-01 3.990728074175406426e-01 3.385544915640674724e-01 5.747691518467852312e-01 4.150326797385621158e-01 4.088767289861681142e-01 5.159273011530193243e-01 4.391244870041039472e-01 3.724122207022343423e-01 3.165754673962608012e-01 5.441404468764249325e-01 5.124487004103966958e-01 5.791913664690682140e-01 6.501042277376065659e-01 5.194938440492475884e-01 6.874857501139990390e-01 5.699574403404773504e-01
6.399257377369551580e-01 6.491596638655462437e-01 5.888867174776887259e-01 6.081851345189238645e-01 5.245912318415737463e-01 6.033320304866132133e-01 6.429385707771481107e-01 6.567324604260308396e-01 5.092176405445899556e-01 5.190215621132173718e-01 6.306999544003646374e-01 5.749299719887954740e-01 5.698325841964692051e-01 5.532050029314051764e-01 0.000000000000000000e+00 5.048856752003126891e-01 5.133378932968536423e-01 5.919646928538856434e-01 6.357891994006904524e-01 6.250244283760014730e-01 5.727639893166569518e-01 5.576998241156927438e-01 4.735522115823073142e-01 5.548172757475082761e-01 3.566705752068269342e-01 5.450622109308839169e-01 5.785453716370269062e-01 5.108136277766920363e-01 6.114259657351313049e-01 5.394762556185265234e-01 6.524656374177578710e-01 4.216826265389876927e-01 6.487688098495212330e-01 5.238095238095238360e-01 5.239560940655331178e-01 5.862973096215230440e-01 6.521724969057390853e-01 6.304475278483485656e-01 5.010748485440686961e-01 5.983323561982932803e-01 4.995114324799687089e-01 4.709628037261415767e-01 5.059279525763793472e-01 5.255072959416324796e-01 5.306331835059604485e-01
4.278005775953792056e-01 4.347735218118254363e-01 4.327975376196990243e-01 4.225566195470435993e-01 5.045409636722905100e-01 3.374373005015959825e-01 4.046587627298981471e-01 4.329115367077062682e-01 3.937718498252014143e-01 3.502431980544155610e-01 6.847212722298220422e-01 4.008967928256573221e-01 4.321135430916552278e-01 4.052857577139383216e-01 5.048856752003126891e-01 0.000000000000000000e+00 1.511057911536707599e-01 2.546739626082991648e-01 4.138546891624866331e-01 3.983508131934944685e-01 3.210214318285453672e-01 4.102067183462532185e-01 5.201398388812888962e-01 3.311103511171910596e-01 3.702120383036935913e-01 6.911927561722361890e-01 2.969486244110046691e-01 5.137938896488828400e-01 3.893258853929168484e-01 2.007333941328469373e-01 3.943608451132391557e-01 4.988030095759233284e-01 4.389344885240917815e-01 3.584891320869433851e-01 3.781838316722038185e-01 4.009157926736586219e-01 4.232976136190910732e-01 4.019037847697218280e-01 3.605031159750722303e-01 3.648540811673506856e-01 4.262805897552819356e-01 5.107159142726859224e-01 3.564561483508131290e-01 6.214090287277701519e-01 4.791951664386684406e-01
4.638812889496883862e-01 4.255775953792369504e-01 4.236016111871105383e-01 4.198966408268733352e-01 5.460936312509500068e-01 4.001937984496123923e-01 4.407014743882047836e-01 4.311635506915944549e-01 2.590439276485788089e-01 1.991374069007447734e-01 6.810020519835841002e-01 4.309355525155798561e-01 4.403404772761818076e-01 4.451664386684906494e-01 5.133378932968536423e-01 1.511057911536707599e-01 0.000000000000000000e+00 2.911726706186350544e-01 4.087437300501595705e-01 4.282375740994071589e-01 3.689010487916096204e-01 4.125626994984040175e-01 5.231608147134823028e-01 3.763299893600850488e-01 3.760069919440644504e-01 6.441437039932251807e-01 3.060875512995895886e-01 5.242818057455540526e-01 4.313535491716065651e-01 2.648578811369509123e-01 3.595151238790089132e-01 5.199213406292748640e-01 4.216256269949840707e-01 3.705160358717130009e-01 3.952511237052960813e-01 4.199536403708770127e-01 4.429814561483507718e-01 4.133986928104575465e-01 3.727960176318589891e-01 3.391282869737041739e-01 4.345265237878097597e-01 5.292489088658719476e-01 3.823909408724729952e-01 6.434821021431827992e-01 5.303997568019456210e-01
4.611453108375132004e-01 4.604233166134670263e-01 4.605753153974767589e-01 3.463102295181638701e-01 4.588273293813649456e-01 4.479404164766682128e-01 4.393904848761209792e-01 4.387444900440796158e-01 3.969068247454020093e-01 4.190606475148198062e-01 7.566546967624259157e-01 3.756269949840401190e-01 3.480582155342757389e-01 4.349255205958352799e-01 5.919646928538856434e-01 2.546739626082991648e-01 2.911726706186350544e-01 0.000000000000000000e+00 4.529563763489892203e-01 4.279715762273901825e-01 3.695090439276485506e-01 3.990728074175406981e-01 5.099369205046359044e-01 3.958998328013376145e-01 3.593251253989968030e-01 7.515634160641001538e-01 3.862479100167199308e-01 5.235978112175102561e-01 4.735902112783097473e-01 3.857349141206870002e-01 4.749962000303997733e-01 4.543576151390788520e-01 3.369623043015655406e-01 3.550501595987232140e-01 4.462412872125594565e-01 4.276865785073719617e-01 4.284085727314181358e-01 4.109287125702994481e-01 4.082687338501291840e-01 3.907508739930080632e-01 4.350775193798449014e-01 5.120187609927692174e-01 2.843897248822009338e-01 5.603625170998631777e-01 5.215268277853777334e-01
4.435134518923848912e-01 1.669516643866849059e-01 3.134404924760602063e-01 5.291381668946647521e-01 5.077329381364948935e-01 3.904753761969903536e-01 2.782432740538075544e-01 3.253077975376196807e-01 5.215914272685818753e-01 5.135658914728681301e-01 7.336981304149566840e-01 4.416324669402644787e-01 4.465629274965799977e-01 4.223381212950296781e-01 6.357891994006904524e-01 4.138546891624866331e-01 4.087437300501595705e-01 4.529563763489892203e-01 0.000000000000000000e+00 2.694653442772457774e-01 5.096215230278158259e-01 4.079457364341085301e-01 5.154278765769874093e-01 6.788645690834473889e-01 6.378533971728226337e-01 7.773760667057521001e-01 4.322085423316613384e-01 5.893182854537163395e-01 4.101117191062471079e-01 4.265845873233013452e-01 3.139990880072959234e-01 5.078801869585043427e-01 4.729252165982672507e-01 4.312585499316005655e-01 4.305094130675525821e-01 4.083162334701322393e-01 3.377336981304149832e-01 2.318513451892384725e-01 5.245326037391701002e-01 4.356133150934792253e-01 4.162391700866392985e-01 5.828936225653053027e-01 5.276789785681714751e-01 6.850205198358412240e-01 6.003761969904241047e-01
3.959188326493388033e-01 2.409655722754217855e-01 3.874544003647970580e-01 4.984724122207022101e-01 4.893980848153214325e-01 4.959340325277397099e-01 1.835385316917464704e-01 3.059507523939807849e-01 4.863429092567259637e-01 5.275877792977656799e-01 7.451407888736890639e-01 4.123347013223893631e-01 5.563535491716066206e-01 5.449536403708771237e-01 6.250244283760014730e-01 3.983508131934944685e-01 4.282375740994071589e-01 4.279715762273901825e-01 2.694653442772457774e-01 0.000000000000000000e+00 4.095531235750113908e-01 3.751709986320109769e-01 5.060609515123878355e-01 5.093194254445964075e-01 5.952177382580938758e-01 7.666112956810630097e-01 4.042597659218725714e-01 5.661194710442316591e-01 4.821021431828545478e-01 3.981988144094847359e-01 3.378248974008207783e-01 4.900820793433652289e-01 5.441556467548259723e-01 4.166096671226629522e-01 4.134095498664582258e-01 3.939808481532147688e-01 3.203374373005015707e-01 2.053579571363429168e-01 5.233470132238942085e-01 5.002735978112174964e-01 5.300957592339260449e-01 4.904566477753892206e-01 4.845417236662106220e-01 6.778670770633834497e-01 5.351497188022494855e-01
5.026675786593706174e-01 4.868217054263565546e-01 5.016187870497035295e-01 4.482444140446876224e-01 5.074289405684754284e-01 3.746010031919744798e-01 5.196762425900592897e-01 3.920200638394892856e-01 4.472412220702234320e-01 4.662562699498403740e-01 7.437015503875968880e-01 4.141358869129047049e-01 5.303237574099407547e-01 4.334701322389420963e-01 5.727639893166569518e-01 3.210214318285453672e-01 3.689010487916096204e-01 3.695090439276485506e-01 5.096215230278158259e-01 4.095531235750113908e-01 0.000000000000000000e+00 4.766985864113086890e-01 5.210708314333484248e-01 4.537163702690378275e-01 4.295713634290924676e-01 6.255618526480358765e-01 2.531159750721994062e-01 5.021089831281350113e-01 4.884632922936615884e-01 3.312053503571971702e-01 3.727086183310533984e-01 5.069539443684449864e-01 5.306885544915640462e-01 3.620991032071743110e-01 4.222037652270210217e-01 5.192658458732329896e-01 5.167350661194710648e-01 4.790925672594619766e-01 4.665754673962608234e-01 4.360693114455084229e-01 5.261969904240766382e-01 5.666080385642628947e-01 4.209986320109438407e-01 5.723751709986319991e-01 4.765161878704970433e-01
3.413987688098495399e-01 4.422594619243045977e-01 4.518353853169174705e-01 5.092567259461924234e-01 5.845683234534123640e-01 3.900193798449612115e-01 3.982273141814865469e-01 3.280665754673962597e-01 4.759917920656634993e-01 5.042407660738714714e-01 7.975946192430460879e-01 4.042122663018695716e-01 3.952918376652986843e-01 3.752849977200182208e-01 5.576998241156927438e-01 4.102067183462532185e-01 4.125626994984040175e-01 3.990728074175406981e-01 4.079457364341085301e-01 3.751709986320109769e-01 4.766985864113086890e-01 0.000000000000000000e+00 5.726174190606475589e-01 6.630186958504331596e-01 3.547651618787049932e-01 7.637938896488828400e-01 3.871789025687794594e-01 5.683044535643714257e-01 4.277815777473780168e-01 4.065397476820185041e-01 3.279069767441860073e-01 5.111576607387140481e-01 4.141586867305061537e-01 3.981038151694786253e-01 4.981597290078821905e-01 3.961183310533515911e-01 3.187870497036023876e-01 2.091655266757865839e-01 3.966940264477883948e-01 4.984724122207022101e-01 2.289101687186502199e-01 6.252035698000130148e-01 3.745098039215686292e-01 6.709843821249430462e-01 4.767441860465115866e-01
5.887672898616811423e-01 5.253077975376196918e-01 5.049019607843137081e-01 5.343137254901960675e-01 4.615823073415412092e-01 5.072579419364645625e-01 4.142916856665146419e-01 5.041609667122662897e-01 4.304225566195470365e-01 4.261855905152758806e-01 6.062471500227997190e-01 6.027701778385772258e-01 6.042901656786745512e-01 6.066081471348229170e-01 4.735522115823073142e-01 5.201398388812888962e-01 5.231608147134823028e-01 5.099369205046359044e-01 5.154278765769874093e-01 5.060609515123878355e-01 5.210708314333484248e-01 5.726174190606475589e-01 0.000000000000000000e+00 5.548335613315092951e-01 4.468384252925976519e-01 6.854765161878704216e-01 5.041039671682626677e-01 4.638052895576834644e-01 6.113771089831280259e-01 5.050729594163246849e-01 6.016681866545067203e-01 3.629018467852256902e-01 6.035491716066271328e-01 5.106589147286820785e-01 3.683961956875773658e-01 4.960480316157471203e-01 5.960442316461467271e-01 5.026219790241678309e-01 5.379616963064295376e-01 4.442544459644323651e-01 5.337437300501596260e-01 5.083056478405315604e-01 5.155988752089983862e-01 5.207478340173278264e-01 4.398084815321476881e-01
7.100718194254445059e-01 6.703431372549020217e-01 7.050273597811218540e-01 5.119243046055631519e-01 5.283667730658155870e-01 6.707421340629274864e-01 5.574270405836753151e-01 5.293433652530780131e-01 4.771773825809392799e-01 4.797537619699041578e-01 6.373261513907888531e-01 6.916894664842681006e-01 7.116963064295485086e-01 7.163417692658458069e-01 5.548172757475082761e-01 3.311103511171910596e-01 3.763299893600850488e-01 3.958998328013376145e-01 6.788645690834473889e-01 5.093194254445964075e-01 4.537163702690378275e-01 6.630186958504331596e-01 5.548335613315092951e-01 0.000000000000000000e+00 4.353625170998631777e-01 6.663409549866459169e-01 4.029677762577899003e-01 5.401276789785681709e-01 4.986890104879160845e-01 3.452652378780969311e-01 5.353397172822618177e-01 5.300672594619242339e-01 7.366051071591427357e-01 4.055517555859552981e-01 4.643834277897205820e-01 6.942544459644321986e-01 4.027131782945736482e-01 5.285453716370269728e-01 5.092111263109895258e-01 5.159826721386229220e-01 6.967339261285909746e-01 5.362028532343169340e-01 4.794345645234837638e-01 6.474150706794344901e-01 5.300767593859249116e-01
6.605107159142726836e-01 6.721671226630187013e-01 6.817430460556315186e-01 4.645006839945280963e-01 4.909750721994223799e-01 6.370554035567714823e-01 6.351744186046511809e-01 4.991108071135430535e-01 4.488600091199270170e-01 4.889420884632922903e-01 7.385715914272684701e-01 6.384518923848608862e-01 6.295314637482900544e-01 6.517042863657090956e-01 3.566705752068269342e-01 3.702120383036935913e-01 3.760069919440644504e-01 3.593251253989968030e-01 6.378533971728226337e-01 5.952177382580938758e-01 4.295713634290924676e-01 3.547651618787049932e-01 4.468384252925976519e-01 4.353625170998631777e-01 0.000000000000000000e+00 6.678717998827438107e-01 3.530741754065967464e-01 5.008549931600546623e-01 6.748176014591882321e-01 3.627640978872169186e-01 5.486320109439124515e-01 4.930318057455539416e-01 6.483983128134974683e-01 3.605791153670770410e-01 4.340596703797797717e-01 6.180745554035567135e-01 4.973324213406292715e-01 4.856361149110807185e-01 3.378704970360236759e-01 4.625854993160055106e-01 3.741450068399452822e-01 5.731222721646797025e-01 3.030323757409940644e-01 6.164073187414500499e-01 4.815511475908192396e-01
7.312878639828024330e-01 7.021040974529346723e-01 7.142368575337112446e-01 6.743534623151585805e-01 6.571558856100578883e-01 7.351312618070483529e-01 7.802423294899354378e-01 7.890202592664972148e-01 5.062699498404013010e-01 6.543547651618786265e-01 6.255414956680346306e-01 7.972119080190215312e-01 7.890528304344994748e-01 7.876848413784117708e-01 5.450622109308839169e-01 6.911927561722361890e-01 6.441437039932251807e-01 7.515634160641001538e-01 7.773760667057521001e-01 7.666112956810630097e-01 6.255618526480358765e-01 7.637938896488828400e-01 6.854765161878704216e-01 6.663409549866459169e-01 6.678717998827438107e-01 0.000000000000000000e+00 6.452999804572990827e-01 4.765650446225002113e-01 6.640121164744966498e-01 6.303660999283433597e-01 6.252198553840140338e-01 5.052012083903327788e-01 8.044752784834864334e-01 6.544036219138817945e-01 6.779037196273858257e-01 7.228519314702624987e-01 7.818708878900396675e-01 7.707152628493256774e-01 7.460100319197445762e-01 7.196925281740603753e-01 7.761057911536707321e-01 6.097159794150217582e-01 7.297895902547065772e-01 5.228853169174646487e-01 6.600710051462446160e-01
4.233166134670922620e-01 4.402644778841768303e-01 4.382884936920503627e-01 4.216826265389876927e-01 5.080749354005167362e-01 3.712380300957592305e-01 4.176546587627298912e-01 3.372853017175862500e-01 3.771659826721385778e-01 3.918148654810760800e-01 6.345189238486091954e-01 2.802857577139383216e-01 3.760829913360693166e-01 4.165526675786593302e-01 5.785453716370269062e-01 2.969486244110046691e-01 3.060875512995895886e-01 3.862479100167199308e-01 4.322085423316613384e-01 4.042597659218725714e-01 2.531159750721994062e-01 3.871789025687794594e-01 5.041039671682626677e-01 4.029677762577899003e-01 3.530741754065967464e-01 6.452999804572990827e-01 0.000000000000000000e+00 4.017707858337133398e-01 3.486852105183158579e-01 1.504217966256269634e-01 3.526371789025687931e-01 5.048449612403100861e-01 3.874639002887976802e-01 3.151884784921720750e-01 3.719627385838055744e-01 4.053997568019455655e-01 4.289405684754521997e-01 3.930878552971576734e-01 3.998708010335917939e-01 3.696990424076607162e-01 4.303085575315397371e-01 5.184027099211777623e-01 3.678180574555403592e-01 5.017242362061102856e-01 4.478454172366621577e-01
6.032831737346101564e-01 5.999202006383949071e-01 5.998822009423924184e-01 5.380376956984344039e-01 3.991108071135430202e-01 5.885202918376652992e-01 5.905912752697978219e-01 5.766073871409028717e-01 4.506953944368445319e-01 5.349217206262349977e-01 6.296169630642953763e-01 5.784693722450219289e-01 5.886152910776712988e-01 5.853663170694635154e-01 5.108136277766920363e-01 5.137938896488828400e-01 5.242818057455540526e-01 5.235978112175102561e-01 5.893182854537163395e-01 5.661194710442316591e-01 5.021089831281350113e-01 5.683044535643714257e-01 4.638052895576834644e-01 5.401276789785681709e-01 5.008549931600546623e-01 4.765650446225002113e-01 4.017707858337133398e-01 0.000000000000000000e+00 4.959340325277397654e-01 3.130604955160358749e-01 5.121219030247757820e-01 4.549846101231189710e-01 6.118141054871560902e-01 5.006079951360389302e-01 3.973031072894274152e-01 5.740804073567411514e-01 5.769493844049248255e-01 5.709074327405381233e-01 5.285757713938288305e-01 5.027929776561786968e-01 5.221728226174190413e-01 4.434075955963781013e-01 5.100319197446420150e-01 5.186816005471955870e-01 4.321515427876576609e-01
4.945280437756497949e-01 4.420314637482900544e-01 4.767156862745098311e-01 5.821705426356589275e-01 6.048411612707097484e-01 4.780741754065966909e-01 5.628134974920201428e-01 3.585043319653442029e-01 4.698130414956680490e-01 5.463748290013679121e-01 7.527502279981760358e-01 4.788531691746465979e-01 6.651466788265693042e-01 6.014591883264933658e-01 6.114259657351313049e-01 3.893258853929168484e-01 4.313535491716065651e-01 4.735902112783097473e-01 4.101117191062471079e-01 4.821021431828545478e-01 4.884632922936615884e-01 4.277815777473780168e-01 6.113771089831280259e-01 4.986890104879160845e-01 6.748176014591882321e-01 6.640121164744966498e-01 3.486852105183158579e-01 4.959340325277397654e-01 0.000000000000000000e+00 3.376272989816080927e-01 2.049247606019151680e-01 5.743701550387596555e-01 6.879084967320260313e-01 4.365595075239398493e-01 5.142336004169109076e-01 4.654297765617875227e-01 2.211354309165526610e-01 3.466484268125855084e-01 5.645690834473324760e-01 5.365937072503419447e-01 6.138470892232862353e-01 6.470425379454106674e-01 5.497720018239853346e-01 6.400906292749657389e-01 5.883302933576531890e-01
4.305745554035567690e-01 4.441594467244261435e-01 4.421834625322997314e-01 4.007067943456452119e-01 4.604423164614683261e-01 4.247606019151846102e-01 4.120877032983735755e-01 4.060077519379844957e-01 3.941138470892233125e-01 3.505851953184374037e-01 6.134433424532603762e-01 3.946838425292597541e-01 4.259005927952576598e-01 3.990728074175406426e-01 5.394762556185265234e-01 2.007333941328469373e-01 2.648578811369509123e-01 3.857349141206870002e-01 4.265845873233013452e-01 3.981988144094847359e-01 3.312053503571971702e-01 4.065397476820185041e-01 5.050729594163246849e-01 3.452652378780969311e-01 3.627640978872169186e-01 6.303660999283433597e-01 1.504217966256269634e-01 3.130604955160358749e-01 3.376272989816080927e-01 0.000000000000000000e+00 3.141244870041040027e-01 5.018667350661194515e-01 4.490994072047423402e-01 3.634670922632619039e-01 3.696013289036544358e-01 4.029867761057910891e-01 4.174076607387141036e-01 3.960138318893449139e-01 3.808899528803769141e-01 3.703640370877032684e-01 3.619851041191670116e-01 5.150804507849651159e-01 3.565321477428180508e-01 5.538218194254445059e-01 4.688972488220093382e-01
3.867077063383492774e-01 3.395348837209302140e-01 3.627222982216141700e-01 5.392156862745097756e-01 6.197370421036630939e-01 3.385088919288645748e-01 3.862517099863201353e-01 3.771773825809393021e-01 5.290469676242588459e-01 4.585955312357500868e-01 7.342111263109895036e-01 3.799817601459188343e-01 3.834473324213406031e-01 3.385544915640674724e-01 6.524656374177578710e-01 3.943608451132391557e-01 3.595151238790089132e-01 4.749962000303997733e-01 3.139990880072959234e-01 3.378248974008207783e-01 3.727086183310533984e-01 3.279069767441860073e-01 6.016681866545067203e-01 5.353397172822618177e-01 5.486320109439124515e-01 6.252198553840140338e-01 3.526371789025687931e-01 5.121219030247757820e-01 2.049247606019151680e-01 3.141244870041040027e-01 0.000000000000000000e+00 5.738286593707250249e-01 3.971044231646146949e-01 4.474844201246390152e-01 4.328219659957006082e-01 3.767897856817145619e-01 3.710898312813497024e-01 3.388736890104879218e-01 5.309165526675785340e-01 5.058823529411764497e-01 3.803009575923392283e-01 6.578073089700995357e-01 5.355905152758777543e-01 6.375826493388052629e-01 5.986472108223134247e-01
5.583960328317374433e-01 5.118274053807569945e-01 5.611177610579115571e-01 5.277445280437756958e-01 4.095132238942087999e-01 5.671882124943000703e-01 5.059707022343821192e-01 5.627849977200182208e-01 5.254360465116278966e-01 5.232415640674874524e-01 6.343621751025991795e-01 5.195365937072503604e-01 5.189950980392157298e-01 5.747691518467852312e-01 4.216826265389876927e-01 4.988030095759233284e-01 5.199213406292748640e-01 4.543576151390788520e-01 5.078801869585043427e-01 4.900820793433652289e-01 5.069539443684449864e-01 5.111576607387140481e-01 3.629018467852256902e-01 5.300672594619242339e-01 4.930318057455539416e-01 5.052012083903327788e-01 5.048449612403100861e-01 4.549846101231189710e-01 5.743701550387596555e-01 5.018667350661194515e-01 5.738286593707250249e-01 0.000000000000000000e+00 4.474891700866392985e-01 4.402074783401732638e-01 4.077747378020975533e-01 5.387169402644779170e-01 5.617732558139534316e-01 4.980620155038759655e-01 5.218308253533971985e-01 4.427582079343365118e-01 5.092054263565891636e-01 4.068627450980392135e-01 5.069254445964431754e-01 5.316632466940264257e-01 3.772087323301413497e-01
5.373632010943912851e-01 5.228568171454628377e-01 5.360522115823073142e-01 5.793661650706793953e-01 5.347697218422252652e-01 6.230050159598722326e-01 6.124031007751938871e-01 3.521659826721386111e-01 5.334929320565435784e-01 5.295257637938897144e-01 7.507267441860465684e-01 3.404582763337893336e-01 2.408040735674114308e-01 4.150326797385621158e-01 6.487688098495212330e-01 4.389344885240917815e-01 4.216256269949840707e-01 3.369623043015655406e-01 4.729252165982672507e-01 5.441556467548259723e-01 5.306885544915640462e-01 4.141586867305061537e-01 6.035491716066271328e-01 7.366051071591427357e-01 6.483983128134974683e-01 8.044752784834864334e-01 3.874639002887976802e-01 6.118141054871560902e-01 6.879084967320260313e-01 4.490994072047423402e-01 3.971044231646146949e-01 4.474891700866392985e-01 0.000000000000000000e+00 2.458770329837361157e-01 5.206501205133216015e-01 4.185191518467852312e-01 3.531235750113999039e-01 3.273825809393525188e-01 4.209530323757409986e-01 5.178294573643411614e-01 5.456376348989208092e-01 6.647449677545436142e-01 5.338349293205654211e-01 7.027758777929775658e-01 5.005889952880376859e-01
4.369775041799665583e-01 4.393144854841160574e-01 4.160586715306277550e-01 4.348495212038303581e-01 5.222868217054262852e-01 4.410244718042255485e-01 4.300045599635202165e-01 4.414614683082535573e-01 3.780779753761969730e-01 4.015237878096975521e-01 6.946961924304605462e-01 3.849369205046359599e-01 3.662790697674418450e-01 4.088767289861681142e-01 5.238095238095238360e-01 3.584891320869433851e-01 3.705160358717130009e-01 3.550501595987232140e-01 4.312585499316005655e-01 4.166096671226629522e-01 3.620991032071743110e-01 3.981038151694786253e-01 5.106589147286820785e-01 4.055517555859552981e-01 3.605791153670770410e-01 6.544036219138817945e-01 3.151884784921720750e-01 5.006079951360389302e-01 4.365595075239398493e-01 3.634670922632619039e-01 4.474844201246390152e-01 4.402074783401732638e-01 2.458770329837361157e-01 0.000000000000000000e+00 4.574457690052765035e-01 3.377032983736130145e-01 4.147286821705426507e-01 4.131516947864417033e-01 3.851839185286516920e-01 3.597621219030247564e-01 4.180726554187566557e-01 6.001237704384079219e-01 3.741640066879464155e-01 5.628704970360236537e-01 3.635620915032679590e-01
5.140381734088984578e-01 4.413556120122467674e-01 5.053253859683407567e-01 4.637482900136798980e-01 3.792912513842745525e-01 4.877695264152172028e-01 4.387010618200768985e-01 4.802781577747378128e-01 4.554100710051462442e-01 4.644648557097257324e-01 5.374772001823985290e-01 4.871832453911796867e-01 5.139404599048921218e-01 5.159273011530193243e-01 5.239560940655331178e-01 3.781838316722038185e-01 3.952511237052960813e-01 4.462412872125594565e-01 4.305094130675525821e-01 4.134095498664582258e-01 4.222037652270210217e-01 4.981597290078821905e-01 3.683961956875773658e-01 4.643834277897205820e-01 4.340596703797797717e-01 6.779037196273858257e-01 3.719627385838055744e-01 3.973031072894274152e-01 5.142336004169109076e-01 3.696013289036544358e-01 4.328219659957006082e-01 4.077747378020975533e-01 5.206501205133216015e-01 4.574457690052765035e-01 0.000000000000000000e+00 4.164223829066510119e-01 5.024428376001562890e-01 4.279200052113868447e-01 4.505895381408377420e-01 4.384893492280633187e-01 4.280340042993941441e-01 3.210540029965474607e-01 4.384730636440622997e-01 5.773768809849521011e-01 3.990782359455409822e-01
